Date,Open,High,Low,Close,Adj Close,Volume
2019-07-24,206.02000427246094,206.64999389648438,198.2100067138672,201.63999938964844,175.06768798828125,1764800
2019-07-25,201.8800048828125,203.64999389648438,201.27000427246094,201.66000366210938,175.0850372314453,838900
2019-07-26,201.44000244140625,202.1699981689453,200.33999633789062,201.07000732421875,174.57281494140625,1189900
2019-07-29,201.5500030517578,202.14999389648438,198.9199981689453,199.63999938964844,173.33123779296875,1295600
2019-07-30,199.02999877929688,200.6300048828125,196.82000732421875,197.30999755859375,171.30828857421875,1181400
2019-07-31,194.66000366210938,195.97999572753906,193.08999633789062,194.4199981689453,168.79913330078125,2187500
2019-08-01,194.0500030517578,201.9199981689453,193.64999389648438,200.60000610351562,174.1647491455078,2524700
2019-08-02,201.17999267578125,206.3699951171875,199.5800018310547,205.16000366210938,178.12379455566406,1788300
2019-08-05,203.2899932861328,205.41000366210938,199.1999969482422,201.8800048828125,175.2760772705078,1767800
2019-08-06,202.3800048828125,209.14999389648438,202.1300048828125,208.3800048828125,180.91946411132812,1431800
2019-08-07,206.74000549316406,210.1699981689453,204.8000030517578,208.88999938964844,181.36224365234375,1869800
2019-08-08,209.72999572753906,211.24000549316406,207.07000732421875,211.10000610351562,183.2810516357422,1050000
2019-08-09,212.3800048828125,216.72999572753906,211.67999267578125,215.72000122070312,187.2921905517578,1051900
2019-08-12,213.1999969482422,216.6999969482422,211.7899932861328,212.25,184.27951049804688,1122600
2019-08-13,212.39999389648438,214.77999877929688,208.6999969482422,213.3000030517578,185.1911163330078,986300
2019-08-14,211.08999633789062,213.22000122070312,208.24000549316406,208.33999633789062,180.88478088378906,1455300
2019-08-15,210.77000427246094,213.2899932861328,209.02000427246094,212.7100067138672,184.67884826660156,1293200
2019-08-16,214.33999633789062,214.33999633789062,211.92999267578125,213.5800018310547,185.43418884277344,1168700
2019-08-19,215.0,217.24000549316406,213.92999267578125,216.6999969482422,188.14306640625,754400
2019-08-20,216.74000549316406,217.64999389648438,213.61000061035156,213.85000610351562,185.6686248779297,871800
2019-08-21,215.07000732421875,215.1999969482422,211.99000549316406,213.49000549316406,185.35609436035156,1089500
2019-08-22,214.52000427246094,214.7899932861328,213.13999938964844,213.24000549316406,185.1389923095703,755400
2019-08-23,212.52999877929688,213.75,210.39999389648438,211.22000122070312,183.38522338867188,1547500
2019-08-26,211.82000732421875,214.80999755859375,211.82000732421875,214.63999938964844,186.3545379638672,798600
2019-08-27,215.44000244140625,217.50999450683594,214.80999755859375,216.22000122070312,187.72633361816406,993500
2019-08-28,216.57000732421875,217.22000122070312,214.30999755859375,215.75999450683594,187.32691955566406,817900
2019-08-29,216.8300018310547,216.8699951171875,213.08999633789062,215.69000244140625,187.26612854003906,667200
2019-08-30,215.91000366210938,217.74000549316406,214.6699981689453,217.2899932861328,188.65530395507812,947300
2019-09-03,216.07000732421875,218.10000610351562,215.6699981689453,217.75999450683594,189.0633544921875,1045300
2019-09-04,217.6199951171875,221.75999450683594,217.5399932861328,221.05999755859375,191.928466796875,1131700
2019-09-05,224.02999877929688,224.86000061035156,220.5500030517578,221.17999267578125,192.03265380859375,1185100
2019-09-06,221.52000427246094,224.91000366210938,221.32000732421875,223.07000732421875,193.67364501953125,1093900
2019-09-09,223.99000549316406,224.0,214.85000610351562,215.5800018310547,187.8020782470703,1343200
2019-09-10,215.3800048828125,216.64999389648438,204.50999450683594,205.42999267578125,178.95994567871094,2569700
2019-09-11,206.0,206.6999969482422,201.94000244140625,202.5800018310547,176.47715759277344,2564200
2019-09-12,201.97999572753906,205.77000427246094,201.77999877929688,205.3800048828125,178.91636657714844,1764800
2019-09-13,206.1300048828125,206.5399932861328,202.5399932861328,205.8000030517578,179.2822265625,1122600
2019-09-16,205.57000732421875,209.19000244140625,205.1300048828125,207.0,180.32763671875,1244700
2019-09-17,207.02000427246094,214.86000061035156,205.6300048828125,214.72999572753906,187.06158447265625,2497000
2019-09-18,215.10000610351562,216.47000122070312,212.99000549316406,216.1699981689453,188.31605529785156,1166000
2019-09-19,214.05999755859375,216.14999389648438,210.94000244140625,211.9499969482422,184.63980102539062,1362700
2019-09-20,212.88999938964844,212.88999938964844,209.77999877929688,211.14999389648438,183.94285583496094,2050100
2019-09-23,209.77000427246094,213.0,209.5800018310547,212.27999877929688,184.9272918701172,835200
2019-09-24,213.05999755859375,216.6699981689453,211.99000549316406,212.91000366210938,185.47610473632812,1125800
2019-09-25,213.4199981689453,214.05999755859375,211.17999267578125,213.27999877929688,185.79844665527344,1119500
2019-09-26,214.82000732421875,216.69000244140625,214.22000122070312,215.99000549316406,188.1592559814453,1248300
2019-09-27,217.17999267578125,217.8800048828125,213.22000122070312,213.88999938964844,186.3297882080078,1030800
2019-09-30,214.8000030517578,214.8300018310547,210.58999633789062,211.33999633789062,184.10838317871094,1119700
2019-10-01,211.33999633789062,211.8800048828125,208.32000732421875,210.72000122070312,183.56829833984375,1106400
2019-10-02,210.0500030517578,211.80999755859375,206.8800048828125,207.83999633789062,181.0594024658203,1260600
2019-10-03,208.4199981689453,210.97000122070312,207.6999969482422,209.42999267578125,182.44448852539062,1007600
2019-10-04,210.25,216.19000244140625,209.9600067138672,216.02000427246094,188.1853790283203,1036900
2019-10-07,214.57000732421875,215.60000610351562,212.67999267578125,213.3300018310547,185.84201049804688,916900
2019-10-08,212.50999450683594,213.80999755859375,211.25999450683594,212.13999938964844,184.80532836914062,1264500
2019-10-09,214.25,215.4199981689453,212.52000427246094,215.1300048828125,187.41009521484375,768700
2019-10-10,214.22000122070312,217.24000549316406,214.02000427246094,215.88999938964844,188.07212829589844,673100
2019-10-11,217.7899932861328,217.7899932861328,211.75,212.8300018310547,185.40640258789062,1193900
2019-10-14,213.42999267578125,214.88999938964844,212.00999450683594,212.35000610351562,184.98829650878906,774000
2019-10-15,213.1300048828125,214.0,211.39999389648438,212.57000732421875,185.17994689941406,721700
2019-10-16,211.25,212.05999755859375,208.6699981689453,212.00999450683594,184.69204711914062,1166600
2019-10-17,211.9499969482422,213.22000122070312,210.3000030517578,213.00999450683594,185.563232421875,1420900
2019-10-18,213.5800018310547,214.1199951171875,211.61000061035156,213.1699981689453,185.70260620117188,1245100
2019-10-21,212.2100067138672,212.94000244140625,205.7899932861328,206.07000732421875,179.51744079589844,1274400
2019-10-22,206.22999572753906,207.47000122070312,201.5,202.02000427246094,175.9893035888672,1584800
2019-10-23,201.89999389648438,204.1199951171875,200.1199951171875,202.22999572753906,176.17222595214844,1043100
2019-10-24,202.9199981689453,204.4199981689453,201.44000244140625,203.25,177.06080627441406,1197400
2019-10-25,203.52000427246094,204.39999389648438,200.39999389648438,200.4600067138672,174.6303253173828,1396400
2019-10-28,201.6300048828125,201.72000122070312,196.9499969482422,200.66000366210938,174.80455017089844,2563000
2019-10-29,200.99000549316406,203.5399932861328,199.9499969482422,201.0,175.10072326660156,2497500
2019-10-30,203.88999938964844,207.4199981689453,202.11000061035156,204.97000122070312,178.55921936035156,1595000
2019-10-31,204.1999969482422,209.35000610351562,203.9499969482422,205.75,179.23870849609375,1541000
2019-11-01,206.91000366210938,207.7899932861328,200.52999877929688,201.50999450683594,175.54501342773438,1358300
2019-11-04,201.75,202.3699951171875,196.7100067138672,197.02000427246094,171.63357543945312,1377800
2019-11-05,197.02000427246094,197.97000122070312,195.7899932861328,196.9499969482422,171.57261657714844,1178800
2019-11-06,196.80999755859375,198.86000061035156,196.50999450683594,198.58999633789062,173.0012664794922,976800
2019-11-07,199.02000427246094,199.08999633789062,196.74000549316406,199.0,173.35842895507812,1023400
2019-11-08,198.94000244140625,200.5,197.5399932861328,198.1699981689453,172.63540649414062,1172300
2019-11-11,197.49000549316406,199.75,197.19000244140625,198.64999389648438,173.0535430908203,773000
2019-11-12,198.97000122070312,201.83999633789062,198.22000122070312,201.49000549316406,175.527587890625,1009300
2019-11-13,202.60000610351562,205.9600067138672,202.39999389648438,204.6199951171875,178.25425720214844,1076600
2019-11-14,204.44000244140625,206.33999633789062,203.36000061035156,206.0500030517578,179.50003051757812,1059600
2019-11-15,206.77999877929688,206.77999877929688,203.9199981689453,204.1999969482422,177.88841247558594,1182700
2019-11-18,204.85000610351562,205.60000610351562,203.05999755859375,205.3300018310547,178.872802734375,1070300
2019-11-19,204.2899932861328,206.72000122070312,204.11000061035156,206.17999267578125,179.61328125,832900
2019-11-20,206.38999938964844,208.77000427246094,205.1300048828125,206.63999938964844,180.01400756835938,1187300
2019-11-21,207.3800048828125,208.0,205.16000366210938,205.49000549316406,179.01222229003906,955400
2019-11-22,205.36000061035156,207.16000366210938,204.86000061035156,206.89999389648438,180.24050903320312,851100
2019-11-25,207.5,208.77999877929688,205.5500030517578,206.8000030517578,180.15335083007812,967200
2019-11-26,206.9600067138672,207.5,204.3699951171875,205.8699951171875,179.3432159423828,2469800
2019-11-27,205.83999633789062,205.89999389648438,200.55999755859375,200.97999572753906,175.0833282470703,1722300
2019-11-29,200.0,203.52000427246094,199.50999450683594,202.72999572753906,176.60780334472656,1155100
2019-12-02,202.8000030517578,205.39999389648438,202.02000427246094,203.32000732421875,177.12181091308594,1404200
2019-12-03,203.39999389648438,206.67999267578125,202.5800018310547,204.1199951171875,177.8186798095703,1250700
2019-12-04,202.67999267578125,205.39999389648438,202.67999267578125,204.77999877929688,178.39369201660156,1042100
2019-12-05,204.86000061035156,207.69000244140625,204.36000061035156,207.42999267578125,180.70220947265625,1201900
2019-12-06,206.97999572753906,207.9600067138672,205.1199951171875,205.9600067138672,179.421630859375,1629200
2019-12-09,205.30999755859375,205.5500030517578,204.1199951171875,204.99000549316406,179.22927856445312,994400
2019-12-10,205.14999389648438,206.60000610351562,204.08999633789062,205.10000610351562,179.325439453125,1168700
2019-12-11,205.38999938964844,206.0500030517578,204.4199981689453,204.7100067138672,178.98448181152344,1189700
2019-12-12,204.19000244140625,205.60000610351562,201.97999572753906,203.13999938964844,177.6117706298828,1651200
2019-12-13,203.10000610351562,205.33999633789062,201.6699981689453,204.58999633789062,178.87953186035156,900400
2019-12-16,204.58999633789062,206.52000427246094,202.6300048828125,203.17999267578125,177.64674377441406,1544500
2019-12-17,203.80999755859375,205.0800018310547,202.25,203.57000732421875,177.98773193359375,1245000
2019-12-18,203.97000122070312,204.17999267578125,199.5399932861328,200.49000549316406,175.29476928710938,1191100
2019-12-19,200.8800048828125,204.7899932861328,200.49000549316406,204.72000122070312,178.9932098388672,1229300
2019-12-20,205.0,206.64999389648438,202.42999267578125,202.52000427246094,177.0697021484375,3423900
2019-12-23,203.8800048828125,204.4600067138672,202.25999450683594,203.27999877929688,177.734130859375,1368900
2019-12-24,202.50999450683594,203.74000549316406,201.50999450683594,203.36000061035156,177.80410766601562,750000
2019-12-26,201.0,202.36000061035156,200.35000610351562,201.35000610351562,178.23788452148438,970700
2019-12-27,201.27999877929688,203.02999877929688,200.32000732421875,202.77999877929688,179.5037078857422,1001100
2019-12-30,202.7899932861328,203.52999877929688,198.75999450683594,199.17999267578125,176.3169708251953,1012400
2019-12-31,199.1999969482422,200.8300018310547,198.35000610351562,200.72000122070312,177.68016052246094,1016700
2020-01-02,201.11000061035156,202.0500030517578,200.5800018310547,201.85000610351562,178.68048095703125,1464900
2020-01-03,201.16000366210938,205.0500030517578,201.10000610351562,204.5500030517578,181.07054138183594,1184900
2020-01-06,205.08999633789062,206.2899932861328,203.6699981689453,205.38999938964844,181.81411743164062,1329800
2020-01-07,205.5,206.00999450683594,202.94000244140625,204.99000549316406,181.46006774902344,968000
2020-01-08,205.55999755859375,208.3800048828125,205.55999755859375,206.10000610351562,182.44264221191406,1512300
2020-01-09,206.19000244140625,210.25,205.5800018310547,208.47000122070312,184.54058837890625,1667200
2020-01-10,208.39999389648438,208.88999938964844,204.69000244140625,205.08999633789062,181.54856872558594,1838200
2020-01-13,204.60000610351562,205.1199951171875,202.83999633789062,204.13999938964844,180.70761108398438,1245700
2020-01-14,204.52999877929688,204.9499969482422,203.02999877929688,203.55999755859375,180.19419860839844,1260600
2020-01-15,204.66000366210938,206.77999877929688,203.00999450683594,205.00999450683594,181.4777374267578,1185000
2020-01-16,205.3800048828125,207.22000122070312,205.2899932861328,207.14999389648438,183.37213134765625,1008400
2020-01-17,207.27999877929688,208.60000610351562,205.77000427246094,206.86000061035156,183.1154022216797,1263000
2020-01-21,207.4600067138672,209.27999877929688,206.5800018310547,206.86000061035156,183.1154022216797,1183900
2020-01-22,207.38999938964844,208.47999572753906,206.3699951171875,207.5500030517578,183.72618103027344,952500
2020-01-23,207.69000244140625,209.13999938964844,206.58999633789062,208.24000549316406,184.33700561523438,1101600
2020-01-24,208.7899932861328,209.7899932861328,208.19000244140625,209.24000549316406,185.22225952148438,1245500
2020-01-27,208.8800048828125,214.19000244140625,208.3699951171875,212.99000549316406,188.5417938232422,1719900
2020-01-28,213.00999450683594,213.86000061035156,211.92999267578125,213.2100067138672,188.7365264892578,1406700
2020-01-29,213.77999877929688,215.1699981689453,211.64999389648438,213.5800018310547,189.0640411376953,921100
2020-01-30,213.16000366210938,218.8800048828125,213.0500030517578,218.77999877929688,193.6671600341797,1559200
2020-01-31,218.0399932861328,220.35000610351562,216.17999267578125,217.11000061035156,192.1888427734375,1634600
2020-02-03,218.0,218.44000244140625,214.16000366210938,214.57000732421875,189.9403839111328,1661800
2020-02-04,216.47999572753906,218.44000244140625,214.7899932861328,215.5399932861328,190.799072265625,1649300
2020-02-05,216.22000122070312,216.89999389648438,211.38999938964844,213.42999267578125,188.93125915527344,1870400
2020-02-06,213.1699981689453,214.57000732421875,210.27999877929688,212.6300048828125,188.22308349609375,1280000
2020-02-07,212.75,215.25999450683594,212.66000366210938,213.1999969482422,188.7276611328125,1163100
2020-02-10,213.6999969482422,215.0,212.13999938964844,213.3699951171875,188.87814331054688,1042700
2020-02-11,213.58999633789062,215.13999938964844,211.3000030517578,211.64999389648438,187.3555908203125,1269900
2020-02-12,208.10000610351562,210.0,204.00999450683594,207.63999938964844,183.80587768554688,2374400
2020-02-13,207.6999969482422,210.25,206.8699951171875,208.30999755859375,184.39895629882812,1094200
2020-02-14,208.22000122070312,213.24000549316406,208.02000427246094,213.1300048828125,188.6656951904297,1054500
2020-02-18,210.14999389648438,214.14999389648438,210.14999389648438,213.3699951171875,188.87814331054688,1240400
2020-02-19,213.5,214.32000732421875,207.35000610351562,207.5,183.68194580078125,1854500
2020-02-20,207.97999572753906,209.2899932861328,204.69000244140625,209.0,185.00975036621094,1604200
2020-02-21,208.77999877929688,210.63999938964844,207.5,208.8300018310547,184.85928344726562,2869500
2020-02-24,207.27999877929688,212.22000122070312,206.25,209.3000030517578,185.2753143310547,2604800
2020-02-25,209.66000366210938,211.22000122070312,206.88999938964844,208.32000732421875,184.4078369140625,2754000
2020-02-26,212.9600067138672,222.2899932861328,211.66000366210938,220.17999267578125,194.90640258789062,4404600
2020-02-27,220.39999389648438,225.36000061035156,210.22999572753906,210.38999938964844,186.24024963378906,3940600
2020-02-28,206.16000366210938,208.8300018310547,195.92999267578125,198.82000732421875,175.99830627441406,4751200
2020-03-02,198.4600067138672,210.3300018310547,198.3699951171875,209.39999389648438,185.3638458251953,3768500
2020-03-03,209.38999938964844,218.7899932861328,208.7100067138672,216.07000732421875,191.2682647705078,3753700
2020-03-04,217.6999969482422,224.55999755859375,214.80999755859375,223.6300048828125,197.96044921875,2348400
2020-03-05,219.0,223.82000732421875,216.66000366210938,221.82000732421875,196.35821533203125,2800800
2020-03-06,217.4600067138672,220.49000549316406,212.74000549316406,216.25999450683594,191.43641662597656,2771300
2020-03-09,203.44000244140625,212.86000061035156,202.30999755859375,204.91000366210938,182.10499572753906,3294200
2020-03-10,208.39999389648438,212.47999572753906,199.72000122070312,207.00999450683594,183.97125244140625,2730800
2020-03-11,201.39999389648438,203.0399932861328,192.36000061035156,194.67999267578125,173.01351928710938,2816900
2020-03-12,178.41000366210938,187.85000610351562,171.25,172.30999755859375,153.1331329345703,4187500
2020-03-13,180.27000427246094,184.16000366210938,164.75999450683594,182.00999450683594,161.75360107421875,4385600
2020-03-16,163.0,168.4600067138672,148.3699951171875,148.5399932861328,132.00856018066406,5752400
2020-03-17,153.77000427246094,168.42999267578125,149.89999389648438,166.02000427246094,147.54315185546875,3602600
2020-03-18,156.0,159.10000610351562,137.49000549316406,142.97000122070312,127.05846405029297,4677300
2020-03-19,145.4600067138672,158.3300018310547,131.8000030517578,155.22000122070312,137.9451141357422,4223800
2020-03-20,155.16000366210938,163.8699951171875,140.19000244140625,158.41000366210938,140.78013610839844,5123400
2020-03-23,157.82000732421875,157.82000732421875,136.72000122070312,139.5399932861328,124.01020050048828,3848600
2020-03-24,147.1999969482422,153.25999450683594,144.6699981689453,152.25999450683594,135.3145751953125,3172100
2020-03-25,152.0,160.58999633789062,146.35000610351562,156.3300018310547,138.93157958984375,4155600
2020-03-26,158.0,176.97999572753906,157.00999450683594,174.83999633789062,155.3815460205078,3594300
2020-03-27,167.0,178.3300018310547,164.16000366210938,171.33999633789062,152.2710723876953,2339200
2020-03-30,174.89999389648438,176.89999389648438,170.8800048828125,173.99000549316406,154.62615966796875,2299700
2020-03-31,172.13999938964844,174.80999755859375,166.86000061035156,172.91000366210938,153.66635131835938,2546300
2020-04-01,164.47000122070312,167.6199951171875,162.5500030517578,166.1999969482422,147.70310974121094,2333300
2020-04-02,166.52999877929688,169.47999572753906,162.80999755859375,168.57000732421875,149.8093719482422,2335300
2020-04-03,167.02000427246094,174.8800048828125,166.10000610351562,173.74000549316406,154.40399169921875,1747200
2020-04-06,179.77000427246094,184.0,178.3800048828125,182.44000244140625,162.13575744628906,2359700
2020-04-07,187.3300018310547,189.47999572753906,176.22000122070312,176.80999755859375,157.13233947753906,2448700
2020-04-08,179.8699951171875,181.86000061035156,176.17999267578125,180.97000122070312,160.82931518554688,1685000
2020-04-09,181.8699951171875,191.0399932861328,181.8699951171875,190.16000366210938,168.9965362548828,3187700
2020-04-13,187.5800018310547,188.5800018310547,181.22000122070312,182.67999267578125,162.34898376464844,1290300
2020-04-14,183.72000122070312,189.14999389648438,183.72000122070312,188.07000732421875,167.1392059326172,1905500
2020-04-15,183.94000244140625,186.99000549316406,183.44000244140625,184.97999572753906,164.39305114746094,1648000
2020-04-16,186.5,188.24000549316406,184.2100067138672,187.33999633789062,166.49041748046875,1200600
2020-04-17,189.47000122070312,192.25999450683594,188.0,191.6199951171875,170.2940673828125,1597100
2020-04-20,192.13999938964844,192.27000427246094,180.1699981689453,184.6199951171875,164.07315063476562,2660200
2020-04-21,179.5,182.58999633789062,170.92999267578125,178.02000427246094,158.20765686035156,2532600
2020-04-22,181.41000366210938,182.4199981689453,177.3300018310547,179.38999938964844,159.4251708984375,1794300
2020-04-23,178.7899932861328,181.97999572753906,177.66000366210938,178.47999572753906,158.616455078125,1348500
2020-04-24,181.2899932861328,183.6199951171875,179.24000549316406,182.72000122070312,162.38458251953125,1483600
2020-04-27,184.5800018310547,188.82000732421875,183.4499969482422,187.75,166.85475158691406,2104600
2020-04-28,188.5,192.0,183.17999267578125,184.32000732421875,163.8065185546875,2140200
2020-04-29,186.6699981689453,190.75999450683594,181.1199951171875,181.47000122070312,161.27369689941406,2394400
2020-04-30,180.3300018310547,180.72999572753906,174.4600067138672,178.2100067138672,158.37649536132812,2413200
2020-05-01,175.4499969482422,176.9499969482422,171.7100067138672,173.64999389648438,154.32400512695312,2457100
2020-05-04,174.5500030517578,175.0,170.6699981689453,172.55999755859375,153.3553009033203,2274600
2020-05-05,175.08999633789062,180.6999969482422,173.38999938964844,178.50999450683594,158.6431121826172,1678200
2020-05-06,179.52999877929688,180.39999389648438,173.41000366210938,173.6999969482422,154.36842346191406,1575700
2020-05-07,176.58999633789062,182.47999572753906,174.80999755859375,178.49000549316406,158.62535095214844,1716900
2020-05-08,180.4600067138672,181.80999755859375,179.74000549316406,181.52999877929688,161.32701110839844,1445600
2020-05-11,178.97000122070312,185.11000061035156,178.3800048828125,184.1699981689453,163.6732177734375,1950200
2020-05-12,185.6300048828125,186.38999938964844,179.13999938964844,179.17999267578125,159.23854064941406,1307700
2020-05-13,175.66000366210938,179.05999755859375,174.4499969482422,177.9600067138672,158.1543731689453,1508700
2020-05-14,176.5500030517578,180.89999389648438,175.6300048828125,180.52000427246094,160.42942810058594,1505500
2020-05-15,179.63999938964844,181.9499969482422,177.6199951171875,181.07000732421875,160.918212890625,1802900
2020-05-18,185.30999755859375,187.22999572753906,183.69000244140625,185.8000030517578,165.1217803955078,1338800
2020-05-19,184.86000061035156,185.99000549316406,179.3300018310547,179.75999450683594,159.75399780273438,1044600
2020-05-20,181.0500030517578,182.5399932861328,180.24000549316406,180.82000732421875,160.696044921875,950700
2020-05-21,179.33999633789062,181.3800048828125,177.6300048828125,178.17999267578125,158.34982299804688,1807500
2020-05-22,177.9199981689453,178.97999572753906,176.02000427246094,178.8000030517578,158.9008331298828,999000
2020-05-26,182.13999938964844,184.9199981689453,180.72000122070312,182.47000122070312,162.1623992919922,1595700
2020-05-27,184.7100067138672,185.8800048828125,172.05999755859375,176.52999877929688,156.8834686279297,3862800
2020-05-28,178.0500030517578,182.27999877929688,176.0800018310547,180.49000549316406,160.40277099609375,2497200
2020-05-29,177.7899932861328,182.77000427246094,177.7899932861328,182.60000610351562,162.27792358398438,1761100
2020-06-01,181.92999267578125,185.47000122070312,181.85000610351562,182.32000732421875,162.02906799316406,1442600
2020-06-02,181.9499969482422,182.25999450683594,176.35000610351562,178.77999877929688,158.88307189941406,2287800
2020-06-03,180.3800048828125,186.8800048828125,179.02000427246094,186.25999450683594,165.5305938720703,2197000
2020-06-04,185.77000427246094,186.17999267578125,181.77000427246094,184.50999450683594,163.97535705566406,1634300
2020-06-05,188.13999938964844,193.92999267578125,187.6199951171875,192.13999938964844,170.75621032714844,3033100
2020-06-08,192.3000030517578,192.86000061035156,188.0399932861328,191.75,170.4095916748047,2022500
2020-06-09,188.49000549316406,192.2899932861328,188.11000061035156,191.10000610351562,170.58811950683594,3099000
2020-06-10,190.1300048828125,190.99000549316406,187.94000244140625,188.6999969482422,168.44573974609375,2409400
2020-06-11,185.61000061035156,185.75,174.02000427246094,174.17999267578125,155.48428344726562,2928600
2020-06-12,177.72999572753906,177.92999267578125,172.0800018310547,174.72000122070312,155.96629333496094,3020300
2020-06-15,171.5500030517578,175.8000030517578,171.17999267578125,174.64999389648438,155.90380859375,1967500
2020-06-16,178.5,179.13999938964844,174.22000122070312,176.11000061035156,157.2071075439453,2311100
2020-06-17,177.3000030517578,179.38999938964844,175.22999572753906,178.36000061035156,159.21559143066406,1857200
2020-06-18,177.6199951171875,179.1199951171875,175.72000122070312,176.32000732421875,157.3945770263672,1177600
2020-06-19,178.69000244140625,179.86000061035156,174.3000030517578,175.52000427246094,156.68045043945312,3059600
2020-06-22,174.5,175.5800018310547,172.61000061035156,175.08999633789062,156.2965850830078,1603300
2020-06-23,176.99000549316406,176.99000549316406,172.80999755859375,173.5500030517578,154.92185974121094,1770900
2020-06-24,171.2899932861328,171.9499969482422,165.92999267578125,167.47000122070312,149.49449157714844,2343300
2020-06-25,166.67999267578125,168.8800048828125,164.5500030517578,168.69000244140625,150.58349609375,2982200
2020-06-26,167.92999267578125,168.22000122070312,161.24000549316406,162.4499969482422,145.01329040527344,3176000
2020-06-29,164.0800018310547,164.11000061035156,161.11000061035156,162.00999450683594,144.6205291748047,2464700
2020-06-30,163.4499969482422,163.49000549316406,161.35000610351562,162.5399932861328,145.09364318847656,2676100
2020-07-01,161.75,170.1199951171875,161.55999755859375,168.89999389648438,150.77098083496094,2910800
2020-07-02,170.74000549316406,171.33999633789062,164.8800048828125,165.27000427246094,147.5306396484375,1573900
2020-07-06,166.3300018310547,167.8000030517578,164.39999389648438,165.8000030517578,148.00376892089844,2149400
2020-07-07,164.24000549316406,166.75,163.88999938964844,165.61000061035156,147.83412170410156,1630000
2020-07-08,165.08999633789062,169.1699981689453,165.02000427246094,168.0800018310547,150.03900146484375,1521300
2020-07-09,167.0399932861328,167.9600067138672,164.22999572753906,165.52999877929688,147.7626953125,1338000
2020-07-10,166.41000366210938,166.88999938964844,164.02999877929688,164.58999633789062,146.92356872558594,1955200
2020-07-13,165.72999572753906,169.0399932861328,164.86000061035156,165.1999969482422,147.46812438964844,1512500
2020-07-14,166.33999633789062,166.6199951171875,164.05999755859375,165.55999755859375,147.78952026367188,1579800
2020-07-15,168.30999755859375,169.16000366210938,166.2899932861328,168.8300018310547,150.7085418701172,1659500
2020-07-16,168.0500030517578,168.63999938964844,165.5800018310547,167.2100067138672,149.26239013671875,1366100
2020-07-17,167.5399932861328,168.1699981689453,166.1699981689453,166.6199951171875,148.73573303222656,1599300
2020-07-20,165.05999755859375,168.4499969482422,165.05999755859375,167.89999389648438,149.87832641601562,1127600
2020-07-21,169.0500030517578,170.5399932861328,167.85000610351562,168.22000122070312,150.1640167236328,1429400
2020-07-22,167.47000122070312,170.44000244140625,167.02999877929688,170.30999755859375,152.0296173095703,1230900
2020-07-23,170.83999633789062,171.67999267578125,168.47000122070312,168.94000244140625,150.80667114257812,1415300
2020-07-24,169.0,169.85000610351562,167.82000732421875,168.75,150.63710021972656,1245200
2020-07-27,167.7899932861328,169.25,166.66000366210938,167.5,149.52127075195312,1651500
2020-07-28,167.99000549316406,168.36000061035156,164.77999877929688,166.0,148.1822509765625,1855500
2020-07-29,165.42999267578125,167.77999877929688,163.80999755859375,164.8800048828125,147.18246459960938,2170200
2020-07-30,162.97999572753906,164.3300018310547,161.69000244140625,163.10000610351562,145.59353637695312,2631500
2020-07-31,164.0,166.30999755859375,163.22999572753906,166.17999267578125,148.34292602539062,1845200
2020-08-03,166.0800018310547,166.58999633789062,162.33999633789062,163.0,145.5042724609375,2226100
2020-08-04,162.52000427246094,164.0,162.1300048828125,163.1300048828125,145.6203155517578,1839200
2020-08-05,164.14999389648438,164.58999633789062,162.7899932861328,163.1699981689453,145.656005859375,1110900
2020-08-06,162.47999572753906,164.39999389648438,162.1999969482422,163.97000122070312,146.3701934814453,1808100
2020-08-07,163.67999267578125,168.02999877929688,162.14999389648438,167.13999938964844,149.199951171875,1903400
2020-08-10,167.57000732421875,168.27999877929688,163.82000732421875,165.33999633789062,147.59310913085938,1991500
2020-08-11,166.72999572753906,169.25999450683594,165.77999877929688,168.1199951171875,150.07469177246094,1966800
2020-08-12,169.8800048828125,172.24000549316406,169.4499969482422,169.9600067138672,151.71722412109375,1568000
2020-08-13,169.0800018310547,170.49000549316406,167.72999572753906,169.57000732421875,151.3690948486328,1166000
2020-08-14,169.11000061035156,172.24000549316406,169.0800018310547,171.44000244140625,153.03836059570312,1085800
2020-08-17,171.24000549316406,174.8300018310547,171.0399932861328,174.61000061035156,155.86810302734375,1927200
2020-08-18,175.10000610351562,176.1999969482422,172.4199981689453,173.80999755859375,155.15396118164062,1366700
2020-08-19,174.77000427246094,174.8300018310547,171.24000549316406,172.1999969482422,153.7167510986328,1308100
2020-08-20,171.0,173.92999267578125,170.5500030517578,173.17999267578125,154.5915985107422,1051700
2020-08-21,173.7899932861328,174.3300018310547,172.38999938964844,173.86000061035156,155.1986083984375,1223600
2020-08-24,174.11000061035156,175.52000427246094,173.00999450683594,175.2100067138672,156.4036865234375,994100
2020-08-25,175.16000366210938,176.3699951171875,174.0,174.9199981689453,156.1448211669922,1152800
2020-08-26,174.3699951171875,175.9600067138672,173.5,175.25999450683594,156.44834899902344,1373400
2020-08-27,175.85000610351562,178.25,175.3000030517578,176.4499969482422,157.51058959960938,1339500
2020-08-28,177.4600067138672,177.80999755859375,175.30999755859375,177.02999877929688,158.02835083007812,1220100
2020-08-31,177.47999572753906,177.47999572753906,175.72000122070312,175.8699951171875,156.99285888671875,1374100
2020-09-01,175.17999267578125,176.0,172.00999450683594,173.77999877929688,155.12716674804688,1340300
2020-09-02,172.69000244140625,175.64999389648438,171.16000366210938,172.7100067138672,154.17202758789062,2407000
2020-09-03,173.63999938964844,176.24000549316406,170.97999572753906,171.88999938964844,153.44004821777344,1812400
2020-09-04,172.97000122070312,173.36000061035156,166.6999969482422,169.6199951171875,151.41371154785156,2038800
2020-09-08,168.6199951171875,169.8000030517578,166.3300018310547,167.0,149.07493591308594,1672600
2020-09-09,166.63999938964844,169.55999755859375,166.39999389648438,168.00999450683594,150.7437744140625,1241400
2020-09-10,166.5800018310547,168.52000427246094,163.67999267578125,163.94000244140625,147.092041015625,2055500
2020-09-11,163.7899932861328,164.52000427246094,162.0399932861328,163.2100067138672,146.43710327148438,2143800
2020-09-14,164.60000610351562,167.0,163.86000061035156,166.0800018310547,149.0121612548828,970600
2020-09-15,167.02999877929688,168.67999267578125,166.3000030517578,168.10000610351562,150.8245391845703,1479800
2020-09-16,169.1300048828125,170.8800048828125,168.35000610351562,170.1999969482422,152.70870971679688,1885400
2020-09-17,168.80999755859375,171.00999450683594,168.0,170.7100067138672,153.16632080078125,1615600
2020-09-18,172.2100067138672,172.49000549316406,168.4199981689453,169.0500030517578,151.6768798828125,2325100
2020-09-21,166.75999450683594,168.8300018310547,164.8300018310547,167.69000244140625,150.45664978027344,1900700
2020-09-22,167.4600067138672,168.88999938964844,164.41000366210938,166.58999633789062,149.46971130371094,1160300
2020-09-23,163.36000061035156,167.22999572753906,162.0399932861328,162.35000610351562,145.66546630859375,1579300
2020-09-24,162.13999938964844,165.27000427246094,161.64999389648438,163.92999267578125,147.08309936523438,1258800
2020-09-25,163.63999938964844,166.99000549316406,163.22999572753906,166.77999877929688,149.6401824951172,1337700
2020-09-28,167.94000244140625,170.1300048828125,167.5800018310547,168.92999267578125,151.56922912597656,1396600
2020-09-29,169.0,169.8000030517578,164.1300048828125,166.1199951171875,149.0480194091797,1741700
2020-09-30,166.60000610351562,168.91000366210938,165.94000244140625,167.30999755859375,150.11570739746094,1322800
2020-10-01,168.49000549316406,170.97000122070312,167.6300048828125,170.25,152.7535858154297,1308100
2020-10-02,168.5,170.19000244140625,168.02000427246094,168.49000549316406,151.17446899414062,1133300
2020-10-05,168.2899932861328,169.8699951171875,166.3300018310547,166.94000244140625,149.78375244140625,1920500
2020-10-06,168.36000061035156,170.38999938964844,166.99000549316406,168.3300018310547,151.0308837890625,1754700
2020-10-07,168.47999572753906,170.0399932861328,167.5800018310547,169.5,152.0806427001953,2043700
2020-10-08,169.55999755859375,172.39999389648438,169.38999938964844,170.89999389648438,153.33676147460938,1408600
2020-10-09,171.9499969482422,172.05999755859375,168.6999969482422,169.41000366210938,151.99989318847656,1100600
2020-10-12,169.17999267578125,171.0800018310547,169.17999267578125,170.0,152.52926635742188,893600
2020-10-13,169.7100067138672,170.91000366210938,167.0,167.5,150.28619384765625,1263000
2020-10-14,167.88999938964844,168.92999267578125,166.41000366210938,166.6999969482422,149.5684051513672,1146500
2020-10-15,164.92999267578125,167.25999450683594,164.4499969482422,167.08999633789062,149.9182891845703,1339700
2020-10-16,167.5800018310547,169.5,165.69000244140625,167.99000549316406,150.72586059570312,1006400
2020-10-19,168.8000030517578,168.8000030517578,163.25999450683594,163.33999633789062,146.55369567871094,1284700
2020-10-20,163.89999389648438,165.00999450683594,162.89999389648438,163.1199951171875,146.3563232421875,1956300
2020-10-21,163.16000366210938,164.8699951171875,162.22999572753906,164.58999633789062,147.6752471923828,2142100
2020-10-22,164.97999572753906,165.07000732421875,162.8699951171875,163.47999572753906,146.67930603027344,1440600
2020-10-23,164.69000244140625,165.17999267578125,162.25999450683594,163.86000061035156,147.020263671875,1061800
2020-10-26,162.1300048828125,163.05999755859375,157.89999389648438,160.16000366210938,143.7004852294922,1342100
2020-10-27,160.24000549316406,161.44000244140625,159.35000610351562,159.47000122070312,143.08140563964844,1565800
2020-10-28,155.17999267578125,156.0,147.52999877929688,149.55999755859375,134.18988037109375,3241800
2020-10-29,149.24000549316406,152.5800018310547,146.88999938964844,149.99000549316406,134.57569885253906,2348100
2020-10-30,149.14999389648438,150.8699951171875,147.8000030517578,150.72000122070312,135.23062133789062,1947900
2020-11-02,153.0,154.77999877929688,150.83999633789062,152.27999877929688,136.6303253173828,2100700
2020-11-03,154.80999755859375,156.2100067138672,153.22000122070312,153.47999572753906,137.70700073242188,1770500
2020-11-04,154.3699951171875,156.27999877929688,150.32000732421875,150.5,135.03323364257812,2486000
2020-11-05,152.0500030517578,152.61000061035156,150.0,150.4499969482422,134.98841857910156,2023500
2020-11-06,151.80999755859375,151.8300018310547,149.3000030517578,150.58999633789062,135.11402893066406,1566100
2020-11-09,160.83999633789062,166.38999938964844,160.24000549316406,162.41000366210938,145.7192840576172,4198000
2020-11-10,162.02999877929688,168.8699951171875,161.11000061035156,168.7100067138672,151.37184143066406,3366000
2020-11-11,169.3699951171875,170.27000427246094,165.1699981689453,165.80999755859375,148.7698516845703,1952100
2020-11-12,164.35000610351562,165.1999969482422,159.4600067138672,161.00999450683594,144.46316528320312,1500100
2020-11-13,161.9499969482422,167.0800018310547,161.7100067138672,165.9600067138672,148.9044952392578,1548700
2020-11-16,168.52999877929688,169.33999633789062,166.1199951171875,168.77000427246094,151.42567443847656,1660300
2020-11-17,166.63999938964844,168.47999572753906,165.4499969482422,168.07000732421875,150.79762268066406,1372400
2020-11-18,168.35000610351562,169.64999389648438,165.64999389648438,165.77999877929688,148.74295043945312,1225400
2020-11-19,165.32000732421875,166.67999267578125,163.52000427246094,165.92999267578125,148.87753295898438,972800
2020-11-20,166.4499969482422,168.33999633789062,164.97999572753906,167.47000122070312,150.25929260253906,1282800
2020-11-23,168.72000122070312,171.02999877929688,167.72000122070312,168.77999877929688,151.4346466064453,1752600
2020-11-24,170.25999450683594,174.13999938964844,169.91000366210938,173.17999267578125,155.38246154785156,2072800
2020-11-25,173.17999267578125,174.89999389648438,170.67999267578125,174.7899932861328,156.82699584960938,1827900
2020-11-27,174.5399932861328,176.1300048828125,173.69000244140625,174.77000427246094,156.80908203125,921000
2020-11-30,173.5500030517578,175.13999938964844,172.9499969482422,175.02999877929688,157.0423583984375,1925500
2020-12-01,177.02999877929688,180.3300018310547,175.91000366210938,179.16000366210938,160.74789428710938,2626800
2020-12-02,178.9199981689453,182.9499969482422,178.8800048828125,181.8800048828125,163.18836975097656,1673800
2020-12-03,181.3300018310547,182.86000061035156,179.3699951171875,181.7100067138672,163.03587341308594,1449800
2020-12-04,182.33999633789062,185.11000061035156,181.72000122070312,184.02999877929688,165.11741638183594,1323200
2020-12-07,180.52999877929688,183.66000366210938,180.08999633789062,183.17999267578125,164.35476684570312,1211000
2020-12-08,182.11000061035156,184.2899932861328,179.47000122070312,183.3800048828125,164.53421020507812,1545700
2020-12-09,184.3000030517578,184.5,180.94000244140625,182.3800048828125,164.3990020751953,1407000
2020-12-10,181.44000244140625,183.77000427246094,181.1699981689453,182.47999572753906,164.4891357421875,1831100
2020-12-11,181.33999633789062,184.33999633789062,179.77000427246094,180.27000427246094,162.4970245361328,2010600
2020-12-14,181.7100067138672,182.27999877929688,177.5399932861328,177.5500030517578,160.045166015625,1382200
2020-12-15,178.5399932861328,181.39999389648438,177.75999450683594,181.38999938964844,163.506591796875,1440800
2020-12-16,181.44000244140625,183.22999572753906,181.0,181.72000122070312,163.80409240722656,1223600
2020-12-17,183.0800018310547,185.25999450683594,182.1999969482422,184.94000244140625,166.70660400390625,1954200
2020-12-18,185.2100067138672,187.0,181.8699951171875,183.97999572753906,165.84124755859375,3581300
2020-12-21,181.57000732421875,182.8800048828125,179.66000366210938,181.77000427246094,163.8491668701172,1831100
2020-12-22,181.83999633789062,182.99000549316406,180.61000061035156,181.0,163.15504455566406,1001900
2020-12-23,181.4499969482422,183.30999755859375,180.1999969482422,180.33999633789062,162.5601043701172,1289800
2020-12-24,177.8300018310547,178.85000610351562,177.14999389648438,178.47999572753906,163.1451416015625,466100
2020-12-28,179.14999389648438,181.07000732421875,178.7100067138672,180.38999938964844,164.8910369873047,951600
2020-12-29,181.13999938964844,181.47999572753906,178.69000244140625,178.86000061035156,163.49249267578125,872100
2020-12-30,179.85000610351562,180.17999267578125,177.77000427246094,178.0,162.7063751220703,813400
2020-12-31,178.55999755859375,182.22000122070312,178.11000061035156,182.0500030517578,166.40843200683594,1400100
2021-01-04,183.10000610351562,183.1699981689453,177.69000244140625,179.3000030517578,163.8946990966797,1437700
2021-01-05,179.6199951171875,179.75,177.50999450683594,179.1199951171875,163.73019409179688,1683200
2021-01-06,181.61000061035156,194.80999755859375,181.16000366210938,193.3800048828125,176.7649383544922,4452300
2021-01-07,197.24000549316406,199.3000030517578,195.00999450683594,198.80999755859375,181.7283935546875,2788800
2021-01-08,196.97999572753906,200.86000061035156,196.97999572753906,199.67999267578125,182.52366638183594,1867400
2021-01-11,198.52000427246094,200.3300018310547,197.00999450683594,198.94000244140625,181.8472442626953,1399200
2021-01-12,199.2899932861328,202.10000610351562,198.57000732421875,201.49000549316406,184.1781463623047,1631700
2021-01-13,202.47000122070312,205.0500030517578,197.6699981689453,197.9499969482422,180.94229125976562,1973800
2021-01-14,198.24000549316406,198.92999267578125,193.72999572753906,194.13999938964844,177.45962524414062,1330000
2021-01-15,192.66000366210938,193.67999267578125,191.13999938964844,191.82000732421875,175.33897399902344,1376700
2021-01-19,193.22000122070312,194.35000610351562,191.02999877929688,192.1999969482422,175.68630981445312,1528200
2021-01-20,192.27999877929688,192.74000549316406,188.86000061035156,189.8300018310547,173.51995849609375,1217500
2021-01-21,189.4499969482422,189.4499969482422,186.07000732421875,186.1999969482422,170.20184326171875,1424300
2021-01-22,185.50999450683594,185.9499969482422,183.88999938964844,184.0399932861328,168.22743225097656,1135600
2021-01-25,183.69000244140625,185.1199951171875,182.07000732421875,184.3699951171875,168.52908325195312,1350700
2021-01-26,184.61000061035156,185.33999633789062,183.02000427246094,183.75,167.96237182617188,1248900
2021-01-27,182.47000122070312,183.52000427246094,177.72999572753906,178.7899932861328,163.4285125732422,2261300
2021-01-28,180.50999450683594,185.25,179.82000732421875,182.47000122070312,166.7923126220703,1514600
2021-01-29,180.77000427246094,183.05999755859375,177.91000366210938,181.74000549316406,166.1250762939453,1829400
2021-02-01,184.63999938964844,188.89999389648438,182.91000366210938,187.44000244140625,171.3352813720703,1582700
2021-02-02,189.4499969482422,193.63999938964844,189.22000122070312,192.00999450683594,175.51266479492188,1628500
2021-02-03,193.1999969482422,193.3800048828125,190.5,191.99000549316406,175.49440002441406,1296800
2021-02-04,192.94000244140625,194.83999633789062,192.16000366210938,193.52999877929688,176.90206909179688,1394300
2021-02-05,194.08999633789062,194.4499969482422,188.42999267578125,191.38999938964844,174.94590759277344,1741400
2021-02-08,192.94000244140625,193.6699981689453,190.24000549316406,191.74000549316406,175.265869140625,2071100
2021-02-09,193.0,195.5399932861328,191.22999572753906,191.97000122070312,175.47608947753906,2026300
2021-02-10,191.1199951171875,192.19000244140625,182.66000366210938,185.1999969482422,169.2877655029297,2688300
2021-02-11,185.75999450683594,186.2899932861328,179.69000244140625,182.7100067138672,167.01171875,2515000
2021-02-12,182.86000061035156,184.58999633789062,182.11000061035156,184.3699951171875,168.52908325195312,1441400
2021-02-16,185.08999633789062,189.89999389648438,183.0,189.41000366210938,173.13607788085938,2677700
2021-02-17,189.4199981689453,191.89999389648438,187.22000122070312,191.13999938964844,174.7174072265625,1513800
2021-02-18,190.0500030517578,194.24000549316406,189.72000122070312,193.99000549316406,177.3225555419922,1497200
2021-02-19,194.97000122070312,196.4600067138672,192.88999938964844,195.07000732421875,178.3097381591797,1432400
2021-02-22,194.00999450683594,195.8800048828125,191.50999450683594,195.47000122070312,178.67539978027344,2022700
2021-02-23,195.47000122070312,199.75999450683594,194.0,198.75,181.67356872558594,3454400
2021-02-24,199.83999633789062,202.91000366210938,198.9199981689453,200.6999969482422,183.4560089111328,1681900
2021-02-25,202.8699951171875,207.44000244140625,202.00999450683594,204.8000030517578,187.20375061035156,2398100
2021-02-26,206.1699981689453,206.17999267578125,198.52999877929688,199.6999969482422,182.5419464111328,2689400
2021-03-01,202.05999755859375,211.58999633789062,202.0500030517578,209.6999969482422,191.68275451660156,2418600
2021-03-02,208.89999389648438,209.4199981689453,206.08999633789062,206.63999938964844,188.8856658935547,1593400
2021-03-03,206.3800048828125,208.77999877929688,205.52000427246094,205.8000030517578,188.1178436279297,1406100
2021-03-04,206.80999755859375,208.00999450683594,204.0,207.02000427246094,189.23301696777344,2136800
2021-03-05,209.0,215.63999938964844,208.19000244140625,213.9199981689453,195.54017639160156,3186200
2021-03-08,214.5500030517578,216.75,210.77000427246094,214.0399932861328,195.64984130859375,2451000
2021-03-09,212.39999389648438,213.88999938964844,209.1699981689453,209.72000122070312,192.51051330566406,2500200
2021-03-10,209.49000549316406,210.22000122070312,204.41000366210938,206.63999938964844,189.68324279785156,1990000
2021-03-11,205.2899932861328,207.44000244140625,203.11000061035156,205.61000061035156,188.73776245117188,1823600
2021-03-12,206.75999450683594,209.7100067138672,205.77000427246094,209.14999389648438,191.98724365234375,1706600
2021-03-15,209.0800018310547,209.99000549316406,205.82000732421875,209.08999633789062,191.9321746826172,1439400
2021-03-16,208.99000549316406,209.97000122070312,205.77999877929688,207.1199951171875,190.12387084960938,1247300
2021-03-17,209.11000061035156,209.25999450683594,206.14999389648438,206.5800018310547,189.62815856933594,1577500
2021-03-18,207.82000732421875,210.3000030517578,205.1300048828125,205.77999877929688,188.89381408691406,1650800
2021-03-19,204.69000244140625,204.69000244140625,200.8000030517578,202.66000366210938,186.0298309326172,4850200
2021-03-22,200.22000122070312,202.77999877929688,198.94000244140625,199.35000610351562,182.991455078125,1339800
2021-03-23,199.6300048828125,201.00999450683594,197.38999938964844,199.92999267578125,183.5238494873047,1471800
2021-03-24,201.47000122070312,205.85000610351562,201.02000427246094,204.77999877929688,187.9758758544922,1452400
2021-03-25,203.77999877929688,205.66000366210938,201.0,205.25,188.40733337402344,1119400
2021-03-26,204.9199981689453,208.77000427246094,203.6300048828125,208.44000244140625,191.33555603027344,1286700
2021-03-29,206.85000610351562,209.47000122070312,205.0399932861328,208.97000122070312,191.82203674316406,1016500
2021-03-30,209.39999389648438,209.39999389648438,204.30999755859375,204.94000244140625,188.1227264404297,1032400
2021-03-31,203.50999450683594,205.77999877929688,203.25,204.22999572753906,187.4709930419922,1606300
2021-04-01,205.1999969482422,206.27999877929688,203.74000549316406,206.08999633789062,189.17837524414062,1243000
2021-04-05,206.99000549316406,208.3699951171875,206.1699981689453,207.44000244140625,190.41758728027344,1072000
2021-04-06,209.27000427246094,209.38999938964844,204.38999938964844,205.08999633789062,188.2604217529297,1115900
2021-04-07,204.80999755859375,205.8800048828125,202.97999572753906,204.33999633789062,187.5719757080078,1099300
2021-04-08,204.5500030517578,205.25,201.80999755859375,202.74000549316406,186.10328674316406,1189700
2021-04-09,204.0,204.97999572753906,202.52999877929688,204.6300048828125,187.8381805419922,1052200
2021-04-12,203.97999572753906,205.3300018310547,203.6199951171875,204.6999969482422,187.90243530273438,1296600
2021-04-13,203.22999572753906,207.4199981689453,202.55999755859375,205.86000061035156,188.9672393798828,1369800
2021-04-14,205.02999877929688,207.36000061035156,204.32000732421875,206.77000427246094,189.80258178710938,839200
2021-04-15,206.7899932861328,207.97000122070312,203.27999877929688,204.0500030517578,187.30577087402344,2105200
2021-04-16,205.22999572753906,208.5399932861328,205.16000366210938,207.5800018310547,190.54608154296875,1271300
2021-04-19,207.14999389648438,207.75,204.14999389648438,205.58999633789062,188.7194061279297,1060500
2021-04-20,205.58999633789062,206.92999267578125,204.77999877929688,206.1199951171875,189.20591735839844,893700
2021-04-21,206.38999938964844,208.05999755859375,205.6999969482422,206.97000122070312,189.98617553710938,1048000
2021-04-22,206.30999755859375,207.30999755859375,205.57000732421875,206.1300048828125,189.215087890625,1162400
2021-04-23,206.24000549316406,208.52000427246094,205.1999969482422,207.30999755859375,190.29823303222656,1055300
2021-04-26,208.3300018310547,208.3300018310547,204.2100067138672,204.69000244140625,187.89328002929688,904200
2021-04-27,204.13999938964844,205.16000366210938,203.58999633789062,204.77999877929688,187.9758758544922,1749300
2021-04-28,204.63999938964844,204.63999938964844,199.69000244140625,201.02000427246094,184.52439880371094,1712100
2021-04-29,201.0399932861328,204.1300048828125,200.6199951171875,203.72999572753906,187.0120391845703,1261800
2021-04-30,203.44000244140625,204.69000244140625,200.75,201.99000549316406,185.4148406982422,1185900
2021-05-03,202.5,205.27999877929688,201.41000366210938,203.6999969482422,186.98448181152344,1127900
2021-05-04,204.13999938964844,204.4499969482422,201.3800048828125,204.36000061035156,187.59033203125,1463300
2021-05-05,204.5399932861328,204.89999389648438,202.74000549316406,203.05999755859375,186.3970184326172,956800
2021-05-06,204.27999877929688,205.24000549316406,202.5399932861328,204.35000610351562,187.58116149902344,944700
2021-05-07,203.42999267578125,204.3800048828125,200.10000610351562,202.9199981689453,186.26849365234375,1567100
2021-05-10,204.4600067138672,209.80999755859375,203.44000244140625,208.0500030517578,190.9775390625,1561700
2021-05-11,206.2899932861328,213.80999755859375,206.2899932861328,212.08999633789062,194.68601989746094,2353700
2021-05-12,212.02000427246094,217.0800018310547,211.24000549316406,214.07000732421875,196.5035400390625,3012300
2021-05-13,214.0,218.8000030517578,212.72000122070312,215.25999450683594,197.5959014892578,1978600
2021-05-14,216.1300048828125,218.60000610351562,215.5500030517578,216.99000549316406,199.18392944335938,1162200
2021-05-17,217.72999572753906,217.99000549316406,213.0500030517578,216.42999267578125,198.6698455810547,753000
2021-05-18,216.14999389648438,216.77000427246094,214.0,214.22999572753906,196.65042114257812,937600
2021-05-19,211.22000122070312,213.17999267578125,208.85000610351562,211.86000061035156,194.47488403320312,1753400
2021-05-20,211.80999755859375,217.14999389648438,210.85000610351562,216.00999450683594,198.28433227539062,1118200
2021-05-21,215.02000427246094,218.0500030517578,214.9199981689453,217.77999877929688,199.90908813476562,964700
2021-05-24,218.0,219.72000122070312,216.94000244140625,217.30999755859375,199.47764587402344,782600
2021-05-25,217.4199981689453,217.7100067138672,214.41000366210938,214.8800048828125,197.24705505371094,1182600
2021-05-26,216.3699951171875,217.27000427246094,214.02000427246094,216.1300048828125,198.39450073242188,807400
2021-05-27,216.7100067138672,218.2899932861328,215.82000732421875,218.08999633789062,200.1936492919922,1312400
2021-05-28,218.75,219.3300018310547,217.3800048828125,218.75999450683594,200.8086700439453,1019100
2021-06-01,219.5,221.82000732421875,212.88999938964844,213.14999389648438,195.65902709960938,1072000
2021-06-02,213.6999969482422,216.60000610351562,213.30999755859375,216.30999755859375,198.55970764160156,855700
2021-06-03,216.5500030517578,218.97000122070312,214.52999877929688,217.9499969482422,200.0651397705078,1087900
2021-06-04,217.72000122070312,218.72999572753906,217.00999450683594,218.3699951171875,200.45069885253906,663300
2021-06-07,219.3300018310547,219.4199981689453,217.05999755859375,218.10000610351562,200.20285034179688,807300
2021-06-08,216.5399932861328,217.94000244140625,215.72999572753906,217.63999938964844,199.78057861328125,1054700
2021-06-09,215.7100067138672,217.8000030517578,214.77000427246094,215.50999450683594,198.64682006835938,1068100
2021-06-10,215.0399932861328,215.6199951171875,212.2100067138672,212.8699951171875,196.21340942382812,1003000
2021-06-11,212.91000366210938,214.5,212.4199981689453,214.4600067138672,197.67898559570312,808000
2021-06-14,214.1699981689453,216.7100067138672,213.77000427246094,216.6999969482422,199.74371337890625,861000
2021-06-15,217.77999877929688,217.8300018310547,216.1199951171875,216.97999572753906,200.0017852783203,831500
2021-06-16,215.47000122070312,220.27000427246094,215.13999938964844,218.85000610351562,201.72549438476562,1510500
2021-06-17,219.0,219.49000549316406,216.49000549316406,217.0,200.02024841308594,980800
2021-06-18,215.50999450683594,216.75999450683594,210.02000427246094,210.7100067138672,194.22238159179688,2980400
2021-06-21,213.25,216.13999938964844,211.3000030517578,216.00999450683594,199.1077117919922,1399100
2021-06-22,216.94000244140625,216.94000244140625,214.75,215.86000061035156,198.96945190429688,835700
2021-06-23,215.97999572753906,216.27000427246094,214.63999938964844,214.77000427246094,197.9647216796875,971100
2021-06-24,215.5800018310547,217.5,215.05999755859375,216.97999572753906,200.0017852783203,1037300
2021-06-25,217.58999633789062,218.5399932861328,216.2899932861328,218.1199951171875,201.0526123046875,934500
2021-06-28,218.77999877929688,218.8000030517578,214.32000732421875,215.22000122070312,198.3795166015625,985900
2021-06-29,215.4199981689453,216.0800018310547,213.19000244140625,213.3000030517578,196.60975646972656,1243200
2021-06-30,213.19000244140625,213.7100067138672,211.22000122070312,212.67999267578125,196.0382537841797,1403000
2021-07-01,213.4199981689453,214.38999938964844,212.2899932861328,214.1999969482422,197.43934631347656,1222800
2021-07-02,214.80999755859375,215.55999755859375,212.72999572753906,213.52000427246094,196.81256103515625,733700
2021-07-06,212.44000244140625,214.1999969482422,207.19000244140625,208.0399932861328,191.7613067626953,1470000
2021-07-07,207.74000549316406,209.0800018310547,205.41000366210938,206.9499969482422,190.7566375732422,1476300
2021-07-08,205.58999633789062,209.16000366210938,205.16000366210938,207.5500030517578,191.30967712402344,1314200
2021-07-09,207.5500030517578,209.74000549316406,207.17999267578125,209.6199951171875,193.21771240234375,1134300
2021-07-12,209.27000427246094,210.72999572753906,208.7899932861328,210.24000549316406,193.78916931152344,1072900
2021-07-13,210.24000549316406,211.67999267578125,208.72000122070312,210.42999267578125,193.9643096923828,1199500
2021-07-14,210.35000610351562,211.02999877929688,209.57000732421875,210.16000366210938,193.71543884277344,851900
2021-07-15,209.6300048828125,211.5,209.4499969482422,210.4199981689453,193.9551239013672,861000
2021-07-16,211.08999633789062,212.07000732421875,208.52000427246094,209.3300018310547,192.95040893554688,1262300
2021-07-19,204.63999938964844,207.9600067138672,204.63999938964844,206.22000122070312,190.08372497558594,1063500
2021-07-20,205.77000427246094,209.85000610351562,205.77000427246094,208.5800018310547,192.2590789794922,1128500
2021-07-21,209.4499969482422,213.3300018310547,209.0500030517578,212.0,195.41148376464844,1560600
2021-07-22,211.47999572753906,212.47000122070312,208.52999877929688,209.36000061035156,192.97802734375,1024400
2021-07-23,211.0,212.75,210.47000122070312,211.89999389648438,195.31927490234375,844000
2021-07-26,211.41000366210938,212.0500030517578,209.58999633789062,210.42999267578125,193.9643096923828,827800
2021-07-27,210.3699951171875,214.6699981689453,209.0399932861328,211.9199981689453,195.3377227783203,1062400
2021-07-28,209.77999877929688,215.67999267578125,209.0399932861328,213.42999267578125,196.72958374023438,1124600
2021-07-29,215.88999938964844,215.9499969482422,211.74000549316406,214.6999969482422,197.90020751953125,854300
2021-07-30,214.77000427246094,215.5,211.74000549316406,212.1300048828125,195.53128051757812,979000
2021-08-02,212.13999938964844,213.83999633789062,211.0800018310547,211.5,194.9506072998047,1306700
2021-08-03,211.5,211.85000610351562,206.6699981689453,208.77000427246094,192.43423461914062,1165800
2021-08-04,207.52999877929688,209.57000732421875,206.9499969482422,208.5,192.18533325195312,2170000
2021-08-05,209.25,210.05999755859375,207.0500030517578,208.25,191.9549102783203,1314200
2021-08-06,209.6300048828125,210.8300018310547,208.67999267578125,209.83999633789062,193.4204864501953,1629300
2021-08-09,210.36000061035156,210.39999389648438,208.35000610351562,209.11000061035156,192.74758911132812,767200
2021-08-10,209.0,209.63999938964844,207.63999938964844,208.92999267578125,192.5816650390625,975000
2021-08-11,210.64999389648438,210.86000061035156,208.80999755859375,209.07000732421875,192.7107391357422,800600
2021-08-12,209.35000610351562,209.35000610351562,205.69000244140625,208.3800048828125,192.07472229003906,1123500
2021-08-13,208.0800018310547,208.22000122070312,206.47000122070312,207.02999877929688,190.8303680419922,545500
2021-08-16,206.19000244140625,207.36000061035156,204.19000244140625,207.19000244140625,190.97784423828125,727400
2021-08-17,206.83999633789062,207.49000549316406,204.11000061035156,205.38999938964844,189.3186798095703,925400
2021-08-18,204.77999877929688,205.13999938964844,196.1199951171875,197.5800018310547,182.1198272705078,6047100
2021-08-19,196.1999969482422,199.0,195.89999389648438,198.0800018310547,182.5806884765625,1443200
2021-08-20,198.9499969482422,200.89999389648438,197.8000030517578,198.36000061035156,182.8387908935547,1006500
2021-08-23,198.30999755859375,202.0800018310547,198.00999450683594,201.83999633789062,186.04644775390625,1144700
2021-08-24,202.0500030517578,202.63999938964844,199.7100067138672,200.57000732421875,184.87583923339844,807100
2021-08-25,200.27000427246094,201.44000244140625,199.50999450683594,200.2899932861328,184.6177520751953,1051700
2021-08-26,199.97999572753906,201.02000427246094,199.3000030517578,199.33999633789062,183.74208068847656,633100
2021-08-27,198.72000122070312,200.38999938964844,198.1699981689453,199.86000061035156,184.22140502929688,1022700
2021-08-30,199.50999450683594,201.60000610351562,198.72000122070312,199.2899932861328,183.69598388671875,833800
2021-08-31,199.6999969482422,201.94000244140625,199.0500030517578,201.72000122070312,185.9358673095703,1328700
2021-09-01,200.89999389648438,201.6999969482422,198.9499969482422,199.2100067138672,183.62225341796875,1490100
2021-09-02,199.32000732421875,199.89999389648438,195.85000610351562,197.6199951171875,182.15667724609375,1571800
2021-09-03,197.24000549316406,197.42999267578125,195.1300048828125,195.3000030517578,180.0182342529297,1061600
2021-09-07,194.7899932861328,195.22999572753906,192.60000610351562,193.75999450683594,178.5987091064453,1076800
2021-09-08,193.77000427246094,194.41000366210938,192.1699981689453,193.75,178.58949279785156,1122500
2021-09-09,192.32000732421875,193.30999755859375,191.7100067138672,192.4600067138672,178.22833251953125,1360300
2021-09-10,191.83999633789062,193.2100067138672,189.10000610351562,189.2100067138672,175.2186737060547,1502700
2021-09-13,191.00999450683594,191.66000366210938,187.9600067138672,189.22999572753906,175.23715209960938,1597600
2021-09-14,190.8000030517578,191.57000732421875,187.91000366210938,188.85000610351562,174.8852996826172,1170000
2021-09-15,187.9499969482422,189.27000427246094,187.0,188.9600067138672,174.98715209960938,1505500
2021-09-16,189.50999450683594,191.33999633789062,188.63999938964844,188.69000244140625,174.73712158203125,1273900
2021-09-17,188.11000061035156,189.67999267578125,187.6199951171875,188.64999389648438,174.70005798339844,1881400
2021-09-20,187.69000244140625,189.17999267578125,185.92999267578125,188.00999450683594,174.10739135742188,1389000
2021-09-21,188.63999938964844,189.32000732421875,185.7899932861328,185.83999633789062,172.0978546142578,1299500
2021-09-22,187.69000244140625,189.99000549316406,186.10000610351562,189.3300018310547,175.32980346679688,1776500
2021-09-23,190.25,194.11000061035156,190.16000366210938,193.47999572753906,179.1728973388672,1495600
2021-09-24,193.52999877929688,198.5399932861328,192.8300018310547,198.00999450683594,183.367919921875,1889300
2021-09-27,198.4499969482422,201.75999450683594,197.50999450683594,198.42999267578125,183.7568817138672,1687800
2021-09-28,200.22000122070312,200.99000549316406,195.57000732421875,197.88999938964844,183.25680541992188,1873100
2021-09-29,197.4600067138672,198.02999877929688,195.9499969482422,196.16000366210938,181.65475463867188,1027600
2021-09-30,197.11000061035156,197.5,193.05999755859375,193.3800048828125,179.08030700683594,1392900
2021-10-01,194.27000427246094,197.24000549316406,191.61000061035156,196.58999633789062,182.0529327392578,1254400
2021-10-04,196.07000732421875,198.00999450683594,192.3699951171875,194.7100067138672,180.3119659423828,1384300
2021-10-05,193.55999755859375,199.49000549316406,193.39999389648438,198.32000732421875,183.65501403808594,989800
2021-10-06,197.25,198.83999633789062,196.52000427246094,198.72000122070312,184.0254364013672,946500
2021-10-07,200.72999572753906,202.25999450683594,199.74000549316406,202.11000061035156,187.1647491455078,1465700
2021-10-08,201.19000244140625,202.33999633789062,198.3699951171875,201.52999877929688,186.62762451171875,1170300
2021-10-11,202.6699981689453,204.3699951171875,200.94000244140625,201.32000732421875,186.43316650390625,929300
2021-10-12,201.32000732421875,203.8000030517578,200.9199981689453,202.80999755859375,187.81300354003906,1077000
2021-10-13,201.7899932861328,204.7100067138672,199.5,204.25999450683594,189.15576171875,1540300
2021-10-14,204.4199981689453,207.22999572753906,203.2100067138672,207.0500030517578,191.73947143554688,1314500
2021-10-15,208.0,212.61000061035156,207.52000427246094,211.89999389648438,196.2307891845703,1746600
2021-10-18,211.0500030517578,214.36000061035156,210.67999267578125,213.92999267578125,198.1107177734375,1524800
2021-10-19,214.77000427246094,217.63999938964844,213.91000366210938,217.55999755859375,201.47230529785156,1663700
2021-10-20,217.7899932861328,217.7899932861328,213.05999755859375,214.1699981689453,198.33297729492188,1080400
2021-10-21,215.1199951171875,216.0,213.7100067138672,214.7899932861328,198.90711975097656,1204700
2021-10-22,215.0,218.6699981689453,214.3699951171875,217.9499969482422,201.8334197998047,1184600
2021-10-25,218.0,218.6199951171875,216.64999389648438,217.69000244140625,201.59266662597656,1021200
2021-10-26,217.75999450683594,220.42999267578125,216.64999389648438,219.27000427246094,203.0558319091797,1331900
2021-10-27,219.5,219.5399932861328,216.24000549316406,217.05999755859375,201.00927734375,1526700
2021-10-28,216.3699951171875,219.0,215.52999877929688,218.33999633789062,202.19459533691406,1726600
2021-10-29,217.83999633789062,221.42999267578125,217.27000427246094,220.5500030517578,204.24118041992188,1318300
2021-11-01,221.64999389648438,221.64999389648438,216.5,218.3300018310547,202.18533325195312,803400
2021-11-02,218.5,221.3699951171875,217.8000030517578,220.60000610351562,204.28750610351562,984300
2021-11-03,221.17999267578125,222.4600067138672,218.6699981689453,220.44000244140625,204.13934326171875,753500
2021-11-04,230.13999938964844,230.88999938964844,219.19000244140625,220.57000732421875,204.2597198486328,1858500
2021-11-05,224.10000610351562,224.55999755859375,220.67999267578125,221.7100067138672,205.31539916992188,1364100
2021-11-08,222.85000610351562,223.27000427246094,219.5,220.6699981689453,204.35231018066406,757000
2021-11-09,220.33999633789062,221.9600067138672,219.0800018310547,221.72999572753906,205.3339080810547,753600
2021-11-10,221.75,223.85000610351562,220.1300048828125,221.0800018310547,204.7320098876953,970000
2021-11-11,221.52999877929688,222.85000610351562,220.3800048828125,222.50999450683594,206.05625915527344,1005400
2021-11-12,222.4499969482422,225.14999389648438,221.67999267578125,224.85000610351562,208.2232208251953,1630100
2021-11-15,224.42999267578125,226.8000030517578,223.99000549316406,226.67999267578125,209.91790771484375,1496700
2021-11-16,227.27000427246094,228.02000427246094,225.36000061035156,225.66000366210938,208.9733123779297,1210800
2021-11-17,225.5399932861328,227.05999755859375,223.1699981689453,226.4199981689453,209.6771240234375,1143100
2021-11-18,225.97999572753906,226.6699981689453,224.33999633789062,226.1999969482422,209.473388671875,1128300
2021-11-19,226.1999969482422,226.33999633789062,221.99000549316406,223.30999755859375,206.7970733642578,1255500
2021-11-22,223.39999389648438,225.7100067138672,222.77999877929688,224.3300018310547,207.74166870117188,1101600
2021-11-23,222.92999267578125,228.0800018310547,222.22000122070312,227.94000244140625,211.08473205566406,1252400
2021-11-24,228.85000610351562,230.89999389648438,227.8000030517578,228.94000244140625,212.0107879638672,1244900
2021-11-26,225.0,225.92999267578125,221.11000061035156,222.16000366210938,205.73211669921875,1006500
2021-11-29,223.4600067138672,225.99000549316406,222.30999755859375,225.3300018310547,208.66773986816406,1461000
2021-11-30,223.89999389648438,224.75999450683594,218.88999938964844,220.52000427246094,204.2134246826172,2660000
2021-12-01,223.2100067138672,225.0,219.58999633789062,220.00999450683594,203.74111938476562,1406900
2021-12-02,220.4600067138672,228.2899932861328,220.4600067138672,226.5500030517578,209.7975311279297,1370000
2021-12-03,228.00999450683594,228.00999450683594,221.92999267578125,225.25999450683594,208.60289001464844,1303800
2021-12-06,226.85000610351562,227.11000061035156,223.86000061035156,224.4499969482422,207.85279846191406,1260200
2021-12-07,226.58999633789062,231.5399932861328,226.07000732421875,231.25,214.1499786376953,1410600
2021-12-08,231.1300048828125,232.63999938964844,230.22999572753906,231.97000122070312,214.8167266845703,1202900
2021-12-09,230.2100067138672,230.75999450683594,227.17999267578125,227.63999938964844,211.62799072265625,994700
2021-12-10,228.60000610351562,228.97000122070312,226.2100067138672,228.39999389648438,212.3345184326172,1046400
2021-12-13,228.16000366210938,228.9199981689453,226.25,227.89999389648438,211.86968994140625,951500
2021-12-14,227.5399932861328,229.1699981689453,225.66000366210938,227.5500030517578,211.54432678222656,1648900
2021-12-15,228.75,228.8300018310547,226.2899932861328,227.64999389648438,211.63726806640625,1431400
2021-12-16,228.60000610351562,230.0,227.1699981689453,229.08999633789062,212.9759979248047,1336400
2021-12-17,228.77000427246094,229.3699951171875,223.4499969482422,224.77999877929688,208.96914672851562,2512900
2021-12-20,222.22999572753906,222.6300048828125,218.63999938964844,221.91000366210938,206.301025390625,859300
2021-12-21,223.9499969482422,226.08999633789062,222.85000610351562,225.1999969482422,209.359619140625,849400
2021-12-22,225.08999633789062,227.27999877929688,224.44000244140625,227.1999969482422,211.21893310546875,704300
2021-12-23,228.36000061035156,230.3800048828125,228.2100067138672,228.9600067138672,212.85513305664062,1031600
2021-12-27,226.0,229.5800018310547,225.5800018310547,229.42999267578125,216.36326599121094,785100
2021-12-28,229.42999267578125,230.9499969482422,229.42999267578125,230.1199951171875,217.01394653320312,531500
2021-12-29,230.33999633789062,230.86000061035156,228.00999450683594,229.11000061035156,216.06150817871094,595100
2021-12-30,229.2100067138672,231.3300018310547,228.2899932861328,228.66000366210938,215.6371307373047,450900
2021-12-31,227.75999450683594,229.5,227.75999450683594,228.4600067138672,215.44851684570312,600200
2022-01-03,229.1300048828125,229.5,223.89999389648438,225.4600067138672,212.61936950683594,1317500
2022-01-04,226.72999572753906,228.52999877929688,225.27999877929688,227.27000427246094,214.32627868652344,1154000
2022-01-05,228.72999572753906,228.72999572753906,225.6199951171875,226.42999267578125,213.53411865234375,1027500
2022-01-06,227.61000061035156,227.77999877929688,224.89999389648438,225.7100067138672,212.8551483154297,943300
2022-01-07,225.11000061035156,225.74000549316406,222.2100067138672,225.0399932861328,212.2232666015625,928900
2022-01-10,224.92999267578125,225.41000366210938,220.86000061035156,222.8000030517578,210.11085510253906,855500
2022-01-11,223.22000122070312,223.5500030517578,219.6300048828125,223.44000244140625,210.71441650390625,1259300
2022-01-12,223.02999877929688,226.60000610351562,223.0,226.17999267578125,213.29835510253906,1649400
2022-01-13,227.0,229.0,223.1300048828125,223.72999572753906,210.9879150390625,2029500
2022-01-14,222.17999267578125,223.39999389648438,219.2899932861328,223.19000244140625,210.47866821289062,1596900
2022-01-18,222.30999755859375,224.0500030517578,220.32000732421875,223.5,210.77102661132812,1709000
2022-01-19,224.22999572753906,230.66000366210938,224.22999572753906,229.6199951171875,216.54244995117188,3196100
2022-01-20,231.0399932861328,234.0399932861328,230.69000244140625,231.1999969482422,218.03245544433594,2370800
2022-01-21,231.0,231.0,225.89999389648438,225.91000366210938,213.0437469482422,2261500
2022-01-24,219.6999969482422,224.74000549316406,219.19000244140625,224.25,211.47830200195312,2354700
2022-01-25,220.64999389648438,224.3000030517578,218.1199951171875,221.7899932861328,209.15838623046875,1645200
2022-01-26,222.9600067138672,223.60000610351562,217.9600067138672,220.1300048828125,207.59291076660156,2865000
2022-01-27,221.36000061035156,228.4499969482422,219.97999572753906,223.24000549316406,210.52581787109375,1935000
2022-01-28,223.9600067138672,225.8000030517578,219.10000610351562,225.75,212.89285278320312,1840000
2022-01-31,225.27999877929688,230.11000061035156,223.63999938964844,229.5,216.4292755126953,1754300
2022-02-01,229.3300018310547,232.92999267578125,228.1199951171875,232.02000427246094,218.80575561523438,1541400
2022-02-02,232.19000244140625,240.0399932861328,231.74000549316406,239.3699951171875,225.73715209960938,2092800
2022-02-03,239.00999450683594,242.3000030517578,237.5800018310547,241.07000732421875,227.34034729003906,2981100
2022-02-04,238.97999572753906,248.1999969482422,238.97999572753906,246.1699981689453,232.14987182617188,2007900
2022-02-07,246.1699981689453,246.67999267578125,242.0500030517578,242.6699981689453,228.84921264648438,1192600
2022-02-08,240.86000061035156,242.63999938964844,237.1300048828125,241.41000366210938,227.6609649658203,1938900
2022-02-09,247.1199951171875,256.94000244140625,244.25,249.50999450683594,235.29965209960938,2685400
2022-02-10,246.52000427246094,246.97000122070312,242.83999633789062,244.0500030517578,230.15061950683594,2366700
2022-02-11,244.0500030517578,244.0500030517578,238.05999755859375,241.02999877929688,227.30259704589844,2591600
2022-02-14,241.6300048828125,241.74000549316406,236.32000732421875,239.1699981689453,225.5485382080078,2065700
2022-02-15,241.05999755859375,243.14999389648438,237.72000122070312,238.83999633789062,225.2373504638672,1755400
2022-02-16,238.25999450683594,239.75999450683594,237.86000061035156,238.9199981689453,225.31277465820312,1762100
2022-02-17,238.08999633789062,241.1999969482422,235.97999572753906,238.85000610351562,225.24679565429688,1217700
2022-02-18,239.27999877929688,239.75,235.83999633789062,236.6199951171875,223.143798828125,2356600
2022-02-22,236.6999969482422,239.97999572753906,235.92999267578125,238.3699951171875,224.79409790039062,1444500
2022-02-23,239.85000610351562,240.97999572753906,235.36000061035156,235.55999755859375,222.14413452148438,1060600
2022-02-24,229.58999633789062,238.13999938964844,229.1699981689453,237.25999450683594,223.74732971191406,2332900
2022-02-25,239.14999389648438,240.83999633789062,236.69000244140625,239.41000366210938,225.77487182617188,2016700
2022-02-28,235.75,238.19000244140625,234.75999450683594,236.52999877929688,223.05889892578125,1754500
2022-03-01,236.33999633789062,238.33999633789062,232.41000366210938,233.4499969482422,220.15431213378906,1834700
2022-03-02,236.0800018310547,238.61000061035156,235.2100067138672,236.74000549316406,223.25694274902344,1427000
2022-03-03,238.3800048828125,244.08999633789062,237.72000122070312,240.82000732421875,227.1045684814453,2164800
2022-03-04,239.13999938964844,244.63999938964844,236.52999877929688,243.77000427246094,229.88658142089844,1472900
2022-03-07,243.77000427246094,244.3699951171875,235.63999938964844,235.72999572753906,222.304443359375,2013500
2022-03-08,235.27000427246094,235.27000427246094,222.17999267578125,222.72999572753906,210.04486083984375,2695600
2022-03-09,225.25,231.5800018310547,224.61000061035156,230.08999633789062,217.96426391601562,1642500
2022-03-10,227.22000122070312,229.3300018310547,225.22999572753906,227.9600067138672,215.946533203125,1487100
2022-03-11,229.39999389648438,231.7100067138672,225.67999267578125,225.9600067138672,214.05194091796875,1295100
2022-03-14,227.69000244140625,232.3000030517578,225.9600067138672,229.57000732421875,217.4716796875,1538700
2022-03-15,231.1699981689453,232.5500030517578,229.3800048828125,232.0,219.7736053466797,1188700
2022-03-16,232.75999450683594,242.1699981689453,232.75999450683594,242.00999450683594,229.256103515625,2025300
2022-03-17,241.19000244140625,246.2899932861328,241.1300048828125,246.27999877929688,233.3010711669922,1350400
2022-03-18,249.08999633789062,251.24000549316406,246.52000427246094,249.60000610351562,236.4460906982422,2863000
2022-03-21,248.5,251.4600067138672,248.24000549316406,250.75999450683594,237.5449676513672,1442900
2022-03-22,250.75999450683594,251.99000549316406,245.72000122070312,247.99000549316406,234.92095947265625,1873300
2022-03-23,248.0,249.8800048828125,246.4600067138672,246.7899932861328,233.78419494628906,976800
2022-03-24,247.30999755859375,248.49000549316406,243.77000427246094,244.92999267578125,232.022216796875,1793000
2022-03-25,245.5399932861328,249.3300018310547,245.5399932861328,247.72000122070312,234.66517639160156,1601800
2022-03-28,248.11000061035156,248.75,244.0500030517578,244.5800018310547,231.69065856933594,1795500
2022-03-29,245.0,245.49000549316406,238.75,240.88999938964844,228.1951141357422,2182100
2022-03-30,242.30999755859375,243.69000244140625,240.60000610351562,241.8000030517578,229.05715942382812,1586700
2022-03-31,242.5800018310547,244.8000030517578,237.8300018310547,237.86000061035156,225.32481384277344,2555900
2022-04-01,238.64999389648438,240.8699951171875,236.41000366210938,239.82000732421875,227.1815185546875,1906100
2022-04-04,240.07000732421875,240.63999938964844,233.1699981689453,234.58999633789062,222.2271270751953,1321500
2022-04-05,233.24000549316406,240.6199951171875,233.24000549316406,237.4600067138672,224.94590759277344,1227100
2022-04-06,236.55999755859375,243.72000122070312,235.99000549316406,243.4499969482422,230.6201934814453,1795900
2022-04-07,244.60000610351562,245.77000427246094,238.77000427246094,244.3000030517578,231.4254150390625,1212000
2022-04-08,245.94000244140625,247.02000427246094,242.0,242.5,229.72027587890625,1258900
2022-04-11,242.22000122070312,242.3699951171875,237.42999267578125,239.83999633789062,227.200439453125,1302100
2022-04-12,240.02000427246094,242.66000366210938,235.0,236.02999877929688,223.59124755859375,1467800
2022-04-13,236.80999755859375,239.63999938964844,235.8000030517578,239.36000061035156,226.74575805664062,1085100
2022-04-14,239.67999267578125,240.5399932861328,237.55999755859375,237.66000366210938,225.1353759765625,834100
2022-04-18,237.27999877929688,238.82000732421875,235.08999633789062,236.24000549316406,223.79017639160156,773400
2022-04-19,237.1199951171875,237.77000427246094,231.6999969482422,234.10000610351562,221.76295471191406,1356600
2022-04-20,235.0,237.61000061035156,233.9199981689453,236.1999969482422,223.75228881835938,1591800
2022-04-21,236.61000061035156,237.4600067138672,228.14999389648438,228.3699951171875,216.33493041992188,1633500
2022-04-22,228.4199981689453,229.3000030517578,222.39999389648438,222.9199981689453,211.172119140625,1570100
2022-04-25,221.39999389648438,222.35000610351562,217.52000427246094,221.55999755859375,209.88380432128906,2040300
2022-04-26,221.6999969482422,221.75999450683594,213.13999938964844,213.27000427246094,202.03070068359375,2122200
2022-04-27,217.49000549316406,228.4499969482422,214.77999877929688,225.92999267578125,214.0235137939453,2256500
2022-04-28,226.11000061035156,228.1199951171875,222.7100067138672,225.72000122070312,213.8245849609375,1473100
2022-04-29,224.52999877929688,225.9499969482422,218.88999938964844,219.33999633789062,207.78079223632812,1295000
2022-05-02,219.38999938964844,220.99000549316406,213.49000549316406,216.77999877929688,205.355712890625,1463200
2022-05-03,217.55999755859375,220.49000549316406,216.8300018310547,219.16000366210938,207.6103057861328,1125300
2022-05-04,218.5,220.9600067138672,213.75,220.66000366210938,209.03123474121094,1623300
2022-05-05,219.99000549316406,219.99000549316406,211.1300048828125,213.27000427246094,202.03070068359375,1427300
2022-05-06,212.1999969482422,212.85000610351562,208.14999389648438,210.3699951171875,199.2835235595703,1296100
2022-05-09,208.8300018310547,209.24000549316406,200.66000366210938,201.60000610351562,190.97569274902344,1821200
2022-05-10,203.49000549316406,205.64999389648438,198.08999633789062,200.27000427246094,189.7157745361328,1574900
2022-05-11,200.11000061035156,202.35000610351562,197.97999572753906,198.6199951171875,188.15272521972656,1498300
2022-05-12,198.02000427246094,199.1699981689453,191.94000244140625,196.00999450683594,185.68028259277344,2572500
2022-05-13,198.1999969482422,202.32000732421875,196.08999633789062,200.10000610351562,189.55474853515625,1888600
2022-05-16,200.49000549316406,200.66000366210938,195.0399932861328,196.1699981689453,185.8318634033203,2064800
2022-05-17,198.6999969482422,199.30999755859375,194.02999877929688,196.02999877929688,185.69921875,1664300
2022-05-18,194.9600067138672,195.1300048828125,187.10000610351562,188.47999572753906,178.54710388183594,1832400
2022-05-19,186.7100067138672,191.36000061035156,186.19000244140625,190.14999389648438,180.12908935546875,1611300
2022-05-20,192.08999633789062,193.0,188.72999572753906,192.11000061035156,181.98582458496094,2601900
2022-05-23,194.27000427246094,194.55999755859375,191.25999450683594,191.60000610351562,181.50271606445312,1879100
2022-05-24,191.5800018310547,192.6300048828125,187.89999389648438,191.6699981689453,181.56900024414062,1226700
2022-05-25,192.92999267578125,196.75999450683594,191.08999633789062,195.42999267578125,185.130859375,1897900
2022-05-26,195.74000549316406,198.58999633789062,195.17999267578125,196.91000366210938,186.53286743164062,1029200
2022-05-27,198.8300018310547,199.94000244140625,197.50999450683594,199.92999267578125,189.39369201660156,1123900
2022-05-31,199.83999633789062,200.36000061035156,197.4499969482422,198.8300018310547,188.3516845703125,2286600
2022-06-01,199.1999969482422,201.0,197.74000549316406,199.3699951171875,188.8632049560547,1617600
2022-06-02,200.0,204.74000549316406,199.3699951171875,204.67999267578125,193.8933868408203,1308200
2022-06-03,201.6199951171875,203.94000244140625,199.22000122070312,200.0,189.46002197265625,1061400
2022-06-06,202.97000122070312,203.3699951171875,198.97999572753906,199.36000061035156,188.85374450683594,1228800
2022-06-07,198.72000122070312,203.0800018310547,198.6699981689453,202.75999450683594,192.07455444335938,1145100
2022-06-08,201.64999389648438,203.47000122070312,199.11000061035156,199.57000732421875,189.0526580810547,1094700
2022-06-09,199.13999938964844,201.1699981689453,197.88999938964844,197.92999267578125,188.44334411621094,1319900
2022-06-10,196.5800018310547,201.47000122070312,195.32000732421875,199.89999389648438,190.3189239501953,2471100
2022-06-13,195.9600067138672,206.11000061035156,195.27000427246094,202.99000549316406,193.26083374023438,2937900
2022-06-14,202.75999450683594,202.94000244140625,195.17999267578125,196.11000061035156,186.71058654785156,2345400
2022-06-15,197.5,203.1300048828125,196.83999633789062,200.8800048828125,191.251953125,1434600
2022-06-16,197.3300018310547,204.97000122070312,196.72999572753906,203.27999877929688,193.53692626953125,2167900
2022-06-17,202.72000122070312,203.25,197.1199951171875,200.52999877929688,190.9187469482422,3571600
2022-06-21,202.47000122070312,209.3000030517578,201.77999877929688,208.5,198.50674438476562,1936000
2022-06-22,206.60000610351562,210.60000610351562,205.38999938964844,208.4600067138672,198.4686737060547,1581200
2022-06-23,209.30999755859375,211.2899932861328,206.41000366210938,208.4600067138672,198.4686737060547,1217700
2022-06-24,209.1199951171875,210.3800048828125,207.00999450683594,210.0,199.93482971191406,1556100
2022-06-27,211.0800018310547,211.2899932861328,208.64999389648438,209.44000244140625,199.4016876220703,1050800
2022-06-28,209.5500030517578,212.08999633789062,205.4199981689453,206.1199951171875,196.24082946777344,1223300
2022-06-29,206.30999755859375,208.88999938964844,204.7100067138672,206.14999389648438,196.26937866210938,853500
2022-06-30,204.52000427246094,206.25999450683594,202.5399932861328,204.6999969482422,194.8888702392578,1149200
2022-07-01,203.8699951171875,204.50999450683594,200.41000366210938,204.27999877929688,194.48899841308594,1822200
2022-07-05,203.5800018310547,204.5,199.52999877929688,204.36000061035156,194.56517028808594,1066900
2022-07-06,205.80999755859375,206.9600067138672,202.9199981689453,203.9600067138672,194.18435668945312,1123700
2022-07-07,204.89999389648438,209.25999450683594,204.50999450683594,208.77999877929688,198.77333068847656,1279100
2022-07-08,207.55999755859375,211.19000244140625,207.36000061035156,208.89999389648438,198.88755798339844,1270500
2022-07-11,209.5500030517578,210.0,206.74000549316406,208.33999633789062,198.3544158935547,798400
2022-07-12,208.5399932861328,210.1699981689453,202.52999877929688,203.1699981689453,193.4322052001953,959500
2022-07-13,201.4199981689453,205.5500030517578,201.32000732421875,203.5500030517578,193.79397583007812,759600
2022-07-14,200.7899932861328,201.6699981689453,198.00999450683594,199.52999877929688,189.96665954589844,1560000
2022-07-15,200.08999633789062,202.2899932861328,198.77000427246094,201.94000244140625,192.2611541748047,1760300
2022-07-18,202.5800018310547,203.2899932861328,199.99000549316406,200.44000244140625,190.83306884765625,964700
2022-07-19,202.47000122070312,204.6999969482422,200.89999389648438,203.82000732421875,194.0510711669922,1344400
2022-07-20,205.27999877929688,206.1999969482422,202.86000061035156,204.14999389648438,194.365234375,1395500
2022-07-21,204.5500030517578,205.80999755859375,203.36000061035156,205.7899932861328,195.9266357421875,1036500
2022-07-22,205.42999267578125,206.5500030517578,202.9199981689453,204.47999572753906,194.67941284179688,951200
2022-07-25,204.5,205.75,203.05999755859375,204.4600067138672,194.66036987304688,1241600
2022-07-26,204.4499969482422,205.55999755859375,202.8800048828125,203.77999877929688,194.0129852294922,1186900
2022-07-27,201.7899932861328,202.74000549316406,194.22000122070312,195.99000549316406,186.59632873535156,2318900
2022-07-28,195.4499969482422,200.36000061035156,191.7100067138672,199.52000427246094,189.9571533203125,1787000
2022-07-29,198.8699951171875,200.60000610351562,197.85000610351562,199.47999572753906,189.9190673828125,1493000
2022-08-01,197.52000427246094,198.80999755859375,193.8800048828125,195.75,186.36782836914062,1498300
2022-08-02,195.91000366210938,198.8800048828125,194.94000244140625,197.52000427246094,188.0530242919922,1062200
2022-08-03,198.6999969482422,199.33999633789062,196.0800018310547,197.74000549316406,188.26246643066406,982700
2022-08-04,198.0,202.55999755859375,198.0,200.02999877929688,190.4427032470703,1080600
2022-08-05,199.97999572753906,202.2100067138672,199.39999389648438,202.14999389648438,192.46109008789062,1174800
2022-08-08,204.05999755859375,204.17999267578125,199.4199981689453,201.4600067138672,191.80418395996094,742100
2022-08-09,202.02999877929688,203.58999633789062,201.05999755859375,202.9499969482422,193.22274780273438,731500
2022-08-10,204.35000610351562,204.35000610351562,196.9199981689453,198.39999389648438,188.8908233642578,2305800
2022-08-11,198.57000732421875,201.92999267578125,197.50999450683594,199.02000427246094,189.48110961914062,1970400
2022-08-12,200.00999450683594,202.74000549316406,198.58999633789062,202.60000610351562,192.8895263671875,1445700
2022-08-15,199.97000122070312,205.25,199.97000122070312,202.2899932861328,192.59439086914062,972000
2022-08-16,201.24000549316406,205.66000366210938,200.07000732421875,205.4600067138672,195.61245727539062,1376200
2022-08-17,203.47999572753906,206.5800018310547,202.02999877929688,206.4499969482422,196.55499267578125,1451000
2022-08-18,207.10000610351562,209.24000549316406,207.0,207.9199981689453,197.9545440673828,1081000
2022-08-19,206.47000122070312,206.61000061035156,201.63999938964844,202.07000732421875,192.38494873046875,1868900
2022-08-22,201.9600067138672,204.0,199.32000732421875,199.69000244140625,190.11898803710938,1007900
2022-08-23,199.24000549316406,199.24000549316406,197.16000366210938,197.67999267578125,188.205322265625,1092100
2022-08-24,197.99000549316406,199.5,197.1699981689453,198.89999389648438,189.3668670654297,987800
2022-08-25,199.97000122070312,201.49000549316406,197.88999938964844,199.1300048828125,189.58584594726562,815100
2022-08-26,199.5399932861328,200.42999267578125,196.17999267578125,196.35000610351562,186.93907165527344,1056400
2022-08-29,195.69000244140625,197.1300048828125,194.32000732421875,195.39999389648438,186.0346221923828,1160400
2022-08-30,197.0,197.8300018310547,193.8800048828125,195.19000244140625,185.83470153808594,1610300
2022-08-31,197.22999572753906,198.25999450683594,195.16000366210938,195.61000061035156,186.23455810546875,1769300
2022-09-01,194.5,199.52999877929688,194.02000427246094,199.4199981689453,189.86192321777344,1703100
2022-09-02,200.92999267578125,201.25999450683594,193.97999572753906,194.69000244140625,185.358642578125,1511800
2022-09-06,195.47000122070312,199.72000122070312,194.6199951171875,198.02999877929688,188.53855895996094,1667100
2022-09-07,196.88999938964844,200.47000122070312,196.83999633789062,200.33999633789062,190.73782348632812,1236500
2022-09-08,198.7899932861328,202.47999572753906,198.5,201.97999572753906,193.263916015625,983900
2022-09-09,201.97000122070312,201.97000122070312,199.14999389648438,201.32000732421875,192.63241577148438,1637100
2022-09-12,201.17999267578125,202.19000244140625,199.69000244140625,200.2100067138672,191.57032775878906,953800
2022-09-13,197.77000427246094,199.69000244140625,193.58999633789062,194.0800018310547,185.704833984375,1927000
2022-09-14,195.72999572753906,195.72999572753906,189.75,191.3000030517578,183.0447998046875,1856700
2022-09-15,191.97000122070312,194.19000244140625,190.57000732421875,190.77000427246094,182.5376739501953,1416000
2022-09-16,191.1199951171875,193.82000732421875,189.94000244140625,191.55999755859375,183.2935791015625,1708800
2022-09-19,190.77000427246094,190.7899932861328,188.7100067138672,190.72000122070312,182.4898223876953,819900
2022-09-20,189.2899932861328,189.83999633789062,185.1699981689453,187.25,179.16958618164062,984100
2022-09-21,186.57000732421875,187.72000122070312,181.97000122070312,182.02999877929688,174.17483520507812,1383100
2022-09-22,183.1999969482422,184.7899932861328,181.2899932861328,183.3300018310547,175.41873168945312,1244200
2022-09-23,183.0,184.13999938964844,178.75,181.0800018310547,173.2658233642578,1265800
2022-09-26,180.39999389648438,180.9600067138672,177.8699951171875,179.97999572753906,172.21328735351562,1195900
2022-09-27,180.9499969482422,181.9600067138672,175.0800018310547,176.25999450683594,168.65382385253906,1781200
2022-09-28,176.39999389648438,180.41000366210938,175.3699951171875,179.52999877929688,171.78271484375,1811000
2022-09-29,179.50999450683594,180.57000732421875,177.50999450683594,178.6699981689453,170.95982360839844,1623400
2022-09-30,179.16000366210938,180.91000366210938,176.9600067138672,177.1300048828125,169.48629760742188,1641600
2022-10-03,177.5800018310547,179.27000427246094,175.11000061035156,178.17999267578125,170.49098205566406,2023800
2022-10-04,179.3300018310547,182.22999572753906,177.4199981689453,182.1300048828125,174.2705078125,2061400
2022-10-05,180.47000122070312,184.5500030517578,179.35000610351562,180.8699951171875,173.0648956298828,1424900
2022-10-06,180.8800048828125,181.5399932861328,175.44000244140625,175.64999389648438,168.07012939453125,1875700
2022-10-07,174.80999755859375,174.99000549316406,169.3300018310547,169.9199981689453,162.58740234375,1950700
2022-10-10,170.6699981689453,171.08999633789062,168.49000549316406,169.4600067138672,162.1472625732422,2172800
2022-10-11,169.92999267578125,171.6999969482422,169.00999450683594,169.9499969482422,162.61611938476562,1696400
2022-10-12,173.11000061035156,175.82000732421875,171.49000549316406,171.7100067138672,164.3001708984375,2459200
2022-10-13,170.8800048828125,175.0500030517578,168.5,174.44000244140625,166.91236877441406,2228900
2022-10-14,174.5,175.8300018310547,171.36000061035156,171.82000732421875,164.4054412841797,1299200
2022-10-17,174.25,176.50999450683594,173.49000549316406,174.14999389648438,166.6348876953125,1492500
2022-10-18,177.0399932861328,177.07000732421875,173.8800048828125,174.25999450683594,166.7401123046875,1236600
2022-10-19,173.63999938964844,175.2899932861328,172.4600067138672,172.8000030517578,165.34312438964844,1139500
2022-10-20,171.97999572753906,173.67999267578125,169.9499969482422,170.39999389648438,163.0467071533203,1777300
2022-10-21,170.39999389648438,170.39999389648438,166.5800018310547,169.99000549316406,162.65438842773438,3395300
2022-10-24,170.4199981689453,173.52000427246094,170.02000427246094,172.00999450683594,164.5872344970703,2400700
2022-10-25,171.25999450683594,176.36000061035156,171.07000732421875,175.8000030517578,168.2136688232422,3025500
2022-10-26,176.5500030517578,178.22000122070312,171.07000732421875,171.92999267578125,164.5106658935547,2171200
2022-10-27,172.75,175.07000732421875,171.64999389648438,172.72999572753906,165.27615356445312,2033800
2022-10-28,173.8000030517578,175.55999755859375,171.67999267578125,174.75,167.208984375,1658300
2022-10-31,173.3699951171875,174.91000366210938,172.7899932861328,173.3000030517578,165.82154846191406,1610200
2022-11-01,174.50999450683594,175.3000030517578,172.0,173.52999877929688,166.0416259765625,1559400
2022-11-02,173.22000122070312,175.74000549316406,171.75999450683594,172.8800048828125,165.41969299316406,2564600
2022-11-03,171.1300048828125,173.3300018310547,170.8000030517578,170.9199981689453,163.54425048828125,973300
2022-11-04,171.88999938964844,172.9199981689453,169.22000122070312,170.6699981689453,163.30506896972656,2069600
2022-11-07,171.13999938964844,171.5500030517578,169.38999938964844,169.74000549316406,162.41519165039062,1738400
2022-11-08,169.75,174.16000366210938,169.25,173.1999969482422,165.72586059570312,3225800
2022-11-09,174.5399932861328,174.55999755859375,170.80999755859375,171.0,163.6208038330078,1769100
2022-11-10,175.89999389648438,175.89999389648438,171.86000061035156,174.33999633789062,166.81668090820312,2417900
2022-11-11,175.1199951171875,175.55999755859375,171.35000610351562,174.25,166.73056030273438,2723600
2022-11-14,174.0800018310547,178.63999938964844,173.82000732421875,173.89999389648438,166.39566040039062,2023700
2022-11-15,174.82000732421875,175.75999450683594,171.67999267578125,173.7899932861328,166.2904052734375,2024700
2022-11-16,174.2899932861328,176.38999938964844,173.99000549316406,174.88999938964844,167.3429412841797,2684800
2022-11-17,174.42999267578125,175.3699951171875,173.41000366210938,173.52999877929688,166.0416259765625,2399700
2022-11-18,174.0,174.33999633789062,171.16000366210938,172.5,165.05609130859375,2074100
2022-11-21,172.97000122070312,176.94000244140625,172.6999969482422,176.5,168.8834686279297,2520100
2022-11-22,177.5500030517578,177.60000610351562,174.02000427246094,174.25,166.73056030273438,1558500
2022-11-23,174.80999755859375,177.72999572753906,174.66000366210938,176.0,168.40504455566406,2087100
2022-11-25,176.44000244140625,176.74000549316406,174.0,175.0,167.4481964111328,1086700
2022-11-28,174.8000030517578,175.36000061035156,172.30999755859375,173.1300048828125,165.65890502929688,2296500
2022-11-29,173.5,175.3800048828125,172.77000427246094,174.80999755859375,167.26638793945312,2123500
2022-11-30,174.94000244140625,177.1999969482422,172.0500030517578,176.5,168.8834686279297,3865100
2022-12-01,178.2100067138672,179.4199981689453,176.97999572753906,177.89999389648438,170.22305297851562,3246400
2022-12-02,176.58999633789062,177.89999389648438,175.47000122070312,176.6300048828125,169.0078582763672,3193400
2022-12-05,176.97999572753906,180.67999267578125,175.05999755859375,180.3800048828125,172.5960235595703,2937200
2022-12-06,181.1199951171875,181.99000549316406,179.6999969482422,179.88999938964844,172.12718200683594,2485500
2022-12-07,179.35000610351562,180.50999450683594,175.35000610351562,176.0,168.40504455566406,2441100
2022-12-08,174.91000366210938,177.77000427246094,174.75,177.1999969482422,170.52212524414062,1769400
2022-12-09,177.30999755859375,179.25,177.27000427246094,178.8300018310547,172.09071350097656,2474300
2022-12-12,178.52000427246094,180.92999267578125,177.16000366210938,180.88999938964844,174.0730743408203,2438500
2022-12-13,183.3699951171875,183.4600067138672,177.6999969482422,178.1300048828125,171.41709899902344,1680400
2022-12-14,178.0,179.86000061035156,174.67999267578125,174.9199981689453,168.32806396484375,2426500
2022-12-15,173.0800018310547,173.92999267578125,171.08999633789062,172.47000122070312,165.9703826904297,1721900
2022-12-16,171.1999969482422,172.1199951171875,170.02999877929688,171.1199951171875,164.67124938964844,3124500
2022-12-19,171.38999938964844,172.0399932861328,169.50999450683594,170.67999267578125,164.2478485107422,1366900
2022-12-20,171.16000366210938,172.05999755859375,169.07000732421875,169.19000244140625,162.81399536132812,1770400
2022-12-21,170.00999450683594,172.89999389648438,169.25,172.8699951171875,166.35531616210938,1871700
2022-12-22,172.0399932861328,173.25999450683594,170.22999572753906,173.1699981689453,166.6439971923828,1900200
2022-12-23,173.2899932861328,173.85000610351562,172.35000610351562,173.3300018310547,166.7979736328125,1312000
2022-12-27,170.30999755859375,170.74000549316406,166.61000061035156,167.67999267578125,165.6618194580078,1951700
2022-12-28,168.16000366210938,169.50999450683594,167.50999450683594,167.94000244140625,165.91868591308594,1209800
2022-12-29,168.6999969482422,170.2899932861328,168.27999877929688,169.16000366210938,167.12400817871094,1351700
2022-12-30,168.08999633789062,169.25999450683594,166.9499969482422,168.16000366210938,166.13604736328125,1045300
2023-01-03,168.27000427246094,168.99000549316406,166.5500030517578,168.9499969482422,166.91653442382812,2483800
2023-01-04,169.9199981689453,170.47000122070312,168.02999877929688,170.0800018310547,168.03292846679688,2237300
2023-01-05,170.5399932861328,171.75999450683594,169.41000366210938,169.75,167.7069091796875,1501400
2023-01-06,170.5500030517578,175.63999938964844,169.22999572753906,175.08999633789062,172.98263549804688,1950700
2023-01-09,175.3300018310547,178.6699981689453,174.85000610351562,175.8000030517578,173.68409729003906,2177600
2023-01-10,176.08999633789062,178.47000122070312,176.0399932861328,177.5,175.36363220214844,1378700
2023-01-11,177.61000061035156,177.97000122070312,175.38999938964844,175.63999938964844,173.52601623535156,1396500
2023-01-12,175.0,176.83999633789062,173.05999755859375,176.7100067138672,174.58314514160156,1956600
2023-01-13,175.16000366210938,177.0399932861328,174.89999389648438,175.6199951171875,173.50625610351562,1070500
2023-01-17,176.6999969482422,177.82000732421875,175.6699981689453,175.99000549316406,173.87181091308594,1762500
2023-01-18,175.97000122070312,178.22000122070312,175.60000610351562,175.77999877929688,173.66433715820312,1877500
2023-01-19,174.97000122070312,175.83999633789062,173.6300048828125,174.27000427246094,172.17250061035156,1884700
2023-01-20,174.6300048828125,175.74000549316406,173.6300048828125,175.05999755859375,172.95298767089844,2329600
2023-01-23,176.24000549316406,176.24000549316406,173.75,174.36000061035156,172.26141357421875,1688600
2023-01-24,174.97000122070312,175.99000549316406,171.92999267578125,173.1300048828125,171.04623413085938,1551400
2023-01-25,172.0,174.4600067138672,172.0,173.3800048828125,171.29322814941406,2621500
2023-01-26,174.0800018310547,177.13999938964844,173.8699951171875,176.77000427246094,174.6424102783203,2437700
2023-01-27,176.44000244140625,176.58999633789062,174.72999572753906,175.67999267578125,173.56552124023438,1582200
2023-01-30,175.9600067138672,178.52999877929688,175.5399932861328,175.9600067138672,173.8421630859375,2075200
2023-01-31,175.8699951171875,176.6699981689453,174.16000366210938,176.66000366210938,174.5337371826172,1850300
2023-02-01,176.25999450683594,177.63999938964844,174.89999389648438,175.5399932861328,173.42721557617188,1953900
2023-02-02,176.75999450683594,178.6300048828125,175.08999633789062,176.0,173.88168334960938,2569900
2023-02-03,175.67999267578125,179.5,174.5399932861328,176.5500030517578,174.42507934570312,3078900
2023-02-06,175.55999755859375,176.25999450683594,174.02000427246094,174.75999450683594,172.65660095214844,2681500
2023-02-07,173.4199981689453,178.3699951171875,173.4199981689453,177.8000030517578,175.66001892089844,1846600
2023-02-08,178.32000732421875,188.0,178.32000732421875,187.42999267578125,185.17410278320312,2702000
2023-02-09,188.50999450683594,189.6300048828125,182.6999969482422,182.9199981689453,180.7183837890625,2252900
2023-02-10,183.0800018310547,184.57000732421875,182.4199981689453,184.10000610351562,181.8842010498047,1714800
2023-02-13,184.8800048828125,186.75999450683594,184.1199951171875,185.2100067138672,182.9808349609375,1645700
2023-02-14,186.07000732421875,187.44000244140625,184.92999267578125,186.38999938964844,184.14662170410156,1225500
2023-02-15,185.13999938964844,188.3699951171875,184.9499969482422,188.2899932861328,186.02374267578125,1144800
2023-02-16,188.2899932861328,189.42999267578125,187.2899932861328,188.5,186.23123168945312,1556400
2023-02-17,188.0800018310547,189.4199981689453,187.5800018310547,188.63999938964844,186.3695526123047,1662500
2023-02-21,187.8000030517578,188.92999267578125,186.72999572753906,187.88999938964844,185.62857055664062,1674500
2023-02-22,187.58999633789062,188.5399932861328,186.39999389648438,187.0,184.74929809570312,1336700
2023-02-23,186.75,189.13999938964844,186.14999389648438,187.10000610351562,184.8480987548828,1382800
2023-02-24,186.39999389648438,187.69000244140625,185.9199981689453,187.1699981689453,184.917236328125,1640600
2023-02-27,188.13999938964844,188.50999450683594,183.94000244140625,184.13999938964844,181.9237060546875,1435200
2023-02-28,183.82000732421875,186.11000061035156,182.39999389648438,185.36000061035156,183.1290283203125,2140500
2023-03-01,185.0,185.47000122070312,183.16000366210938,184.22999572753906,182.0126190185547,1713800
2023-03-02,183.5,186.5500030517578,182.5,186.5,184.25531005859375,1345600
2023-03-03,186.58999633789062,188.0,184.9199981689453,185.2899932861328,183.0598602294922,1416300
2023-03-06,185.75999450683594,186.77999877929688,184.30999755859375,184.89999389648438,182.674560546875,1455100
2023-03-07,184.80999755859375,185.02000427246094,181.1999969482422,182.22000122070312,180.02682495117188,1696800
2023-03-08,182.10000610351562,183.08999633789062,180.41000366210938,181.9199981689453,179.73043823242188,1271700
2023-03-09,181.11000061035156,181.57000732421875,176.6999969482422,177.47000122070312,176.40061950683594,1645000
2023-03-10,177.02000427246094,178.3000030517578,174.14999389648438,174.6699981689453,173.6174774169922,2024500
2023-03-13,174.00999450683594,182.52000427246094,174.00999450683594,179.7100067138672,178.6271209716797,3158700
2023-03-14,181.0800018310547,185.49000549316406,180.60000610351562,185.3699951171875,184.2530059814453,2340300
2023-03-15,182.4499969482422,185.5800018310547,180.64999389648438,182.6699981689453,181.56927490234375,2785400
2023-03-16,182.75,189.11000061035156,182.57000732421875,187.2100067138672,186.08192443847656,2176600
2023-03-17,187.2100067138672,190.24000549316406,185.27999877929688,185.97999572753906,184.8593292236328,5039500
2023-03-20,186.86000061035156,187.6999969482422,183.07000732421875,184.77999877929688,183.66656494140625,1952500
2023-03-21,185.33999633789062,186.13999938964844,181.75,182.7100067138672,181.60903930664062,2753100
2023-03-22,182.80999755859375,183.25,179.42999267578125,179.47999572753906,178.39849853515625,1861700
2023-03-23,178.8699951171875,181.89999389648438,176.50999450683594,180.02999877929688,178.9451904296875,2100100
2023-03-24,180.0500030517578,183.99000549316406,178.1199951171875,183.5500030517578,182.44398498535156,1382900
2023-03-27,185.35000610351562,185.9199981689453,183.9600067138672,185.02000427246094,183.90512084960938,2108900
2023-03-28,185.5399932861328,187.5800018310547,184.63999938964844,187.32000732421875,186.19126892089844,1629300
2023-03-29,188.0,188.69000244140625,186.16000366210938,187.0500030517578,185.9228973388672,1615400
2023-03-30,188.3000030517578,189.08999633789062,187.2899932861328,188.92999267578125,187.7915496826172,1309100
2023-03-31,188.99000549316406,192.0,188.8000030517578,191.52000427246094,190.36595153808594,2047200
2023-04-03,190.8000030517578,192.1699981689453,190.1699981689453,190.30999755859375,189.16323852539062,1669600
2023-04-04,189.61000061035156,193.47000122070312,189.61000061035156,193.0399932861328,191.8767852783203,1276900
2023-04-05,193.3800048828125,195.5,193.14999389648438,195.19000244140625,194.0138397216797,1586100
2023-04-06,195.3000030517578,196.3000030517578,193.77999877929688,195.10000610351562,193.9243927001953,1370100
2023-04-10,194.42999267578125,195.0,192.32000732421875,192.74000549316406,191.57861328125,1003100
2023-04-11,193.13999938964844,193.67999267578125,191.02000427246094,191.5800018310547,190.42559814453125,1562200
2023-04-12,192.17999267578125,193.3800048828125,191.13999938964844,191.74000549316406,190.58462524414062,1404100
2023-04-13,191.39999389648438,192.5,189.47000122070312,189.92999267578125,188.7855224609375,1364900
2023-04-14,189.94000244140625,190.8000030517578,188.7100067138672,190.47999572753906,189.33221435546875,1175000
2023-04-17,190.27000427246094,192.39999389648438,189.07000732421875,192.1199951171875,190.9623260498047,1158700
2023-04-18,192.08999633789062,192.39999389648438,190.82000732421875,191.3800048828125,190.226806640625,1217100
2023-04-19,191.8300018310547,193.6300048828125,190.8800048828125,192.27000427246094,191.11143493652344,1004900
2023-04-20,193.13999938964844,193.5,189.4199981689453,190.35000610351562,189.2030029296875,1131600
2023-04-21,190.02000427246094,191.27999877929688,188.30999755859375,189.72999572753906,188.58673095703125,1168900
2023-04-24,189.72999572753906,190.11000061035156,186.8699951171875,187.22000122070312,186.09185791015625,1272300
2023-04-25,186.75,188.58999633789062,186.32000732421875,187.7899932861328,186.65841674804688,1655800
2023-04-26,186.1999969482422,188.52000427246094,183.50999450683594,184.92999267578125,183.81565856933594,2170800
2023-04-27,184.75,184.8699951171875,182.64999389648438,184.41000366210938,183.29879760742188,1533400
2023-04-28,183.9499969482422,185.8699951171875,183.22000122070312,185.77000427246094,184.65060424804688,1158900
2023-05-01,185.7899932861328,187.41000366210938,185.74000549316406,186.6300048828125,185.5054168701172,1091600
2023-05-02,185.3800048828125,185.8699951171875,182.44000244140625,185.52999877929688,184.41204833984375,1181300
2023-05-03,186.33999633789062,187.11000061035156,181.14999389648438,181.3300018310547,180.2373504638672,1235200
2023-05-04,180.05999755859375,184.50999450683594,179.89999389648438,183.92999267578125,182.82168579101562,1468600
2023-05-05,184.92999267578125,186.1999969482422,183.27999877929688,185.1300048828125,184.01446533203125,984500
2023-05-08,184.75,186.19000244140625,184.1999969482422,185.69000244140625,184.5710906982422,641500
2023-05-09,185.69000244140625,186.3800048828125,184.55999755859375,184.6300048828125,183.51747131347656,722200
2023-05-10,184.8699951171875,185.88999938964844,182.9600067138672,185.30999755859375,184.19337463378906,1002800
2023-05-11,185.25,185.5500030517578,182.55999755859375,183.47999572753906,182.3743896484375,938900
2023-05-12,184.44000244140625,185.3000030517578,184.02000427246094,184.9499969482422,183.83554077148438,862500
2023-05-15,184.9499969482422,185.55999755859375,184.0,184.3699951171875,183.259033203125,935000
2023-05-16,183.44000244140625,184.8300018310547,181.5500030517578,181.58999633789062,180.49578857421875,733100
2023-05-17,181.52000427246094,182.77000427246094,179.86000061035156,182.50999450683594,181.4102325439453,1326000
2023-05-18,182.2100067138672,182.5,180.2899932861328,181.80999755859375,180.71446228027344,940500
2023-05-19,181.58999633789062,183.22999572753906,181.0399932861328,181.82000732421875,180.7244110107422,1080800
2023-05-22,181.38999938964844,182.14999389648438,179.9499969482422,181.92999267578125,180.83372497558594,1158300
2023-05-23,181.80999755859375,182.38999938964844,178.8699951171875,179.0800018310547,178.00091552734375,1316400
2023-05-24,178.64999389648438,180.41000366210938,178.08999633789062,180.07000732421875,178.98495483398438,1345800
2023-05-25,178.99000549316406,179.14999389648438,176.5500030517578,177.02000427246094,175.9533233642578,1212600
2023-05-26,176.6999969482422,177.85000610351562,176.39999389648438,176.6699981689453,175.60543823242188,1105200
2023-05-30,176.0,178.32000732421875,175.72999572753906,178.1999969482422,177.12620544433594,1501300
2023-05-31,178.6699981689453,180.52999877929688,177.24000549316406,178.75,177.6728973388672,6501500
2023-06-01,179.25,180.4600067138672,178.55999755859375,180.02000427246094,178.9352569580078,1384000
2023-06-02,180.44000244140625,185.67999267578125,180.02000427246094,185.3000030517578,184.18344116210938,1581200
2023-06-05,186.5,189.1699981689453,185.5800018310547,186.27000427246094,185.14759826660156,1653700
2023-06-06,186.61000061035156,187.32000732421875,183.10000610351562,184.35000610351562,183.23916625976562,1408300
2023-06-07,185.07000732421875,185.07000732421875,181.94000244140625,182.5500030517578,181.45001220703125,1670800
2023-06-08,181.42999267578125,185.57000732421875,180.97999572753906,185.4499969482422,185.4499969482422,1389500
2023-06-09,185.75999450683594,186.1199951171875,184.50999450683594,184.83999633789062,184.83999633789062,831600
2023-06-12,183.25,183.25,177.5500030517578,179.35000610351562,179.35000610351562,2220200
2023-06-13,179.64999389648438,180.05999755859375,177.0399932861328,177.74000549316406,177.74000549316406,2574500
2023-06-14,177.88999938964844,181.97999572753906,177.3699951171875,181.50999450683594,181.50999450683594,1566000
2023-06-15,182.55999755859375,183.6999969482422,181.00999450683594,182.22000122070312,182.22000122070312,1454400
2023-06-16,183.0500030517578,184.92999267578125,182.77000427246094,184.11000061035156,184.11000061035156,3639600
2023-06-20,183.52000427246094,184.27999877929688,182.22000122070312,182.69000244140625,182.69000244140625,1739200
2023-06-21,182.1699981689453,183.17999267578125,180.32000732421875,181.60000610351562,181.60000610351562,1332600
2023-06-22,181.00999450683594,182.49000549316406,180.39999389648438,182.10000610351562,182.10000610351562,917400
2023-06-23,182.10000610351562,182.9600067138672,180.94000244140625,181.6699981689453,181.6699981689453,2211100
2023-06-26,180.99000549316406,181.0500030517578,177.97000122070312,178.88999938964844,178.88999938964844,1300700
2023-06-27,179.7899932861328,180.47999572753906,177.97999572753906,178.9499969482422,178.9499969482422,1442000
2023-06-28,180.5500030517578,183.24000549316406,179.44000244140625,183.13999938964844,183.13999938964844,1936600
2023-06-29,183.14999389648438,183.92999267578125,182.27999877929688,183.36000061035156,183.36000061035156,1394800
2023-06-30,183.85000610351562,186.41000366210938,183.85000610351562,185.2899932861328,185.2899932861328,1768200
2023-07-03,185.25999450683594,186.58999633789062,183.75,186.16000366210938,186.16000366210938,481200
2023-07-05,185.5,185.52999877929688,181.9499969482422,183.85000610351562,183.85000610351562,1362600
2023-07-06,183.67999267578125,184.0,182.36000061035156,183.25,183.25,1458200
2023-07-07,182.91000366210938,183.72999572753906,181.83999633789062,181.9499969482422,181.9499969482422,906000
2023-07-10,182.47999572753906,182.82000732421875,181.1300048828125,181.3000030517578,181.3000030517578,1253800
2023-07-11,181.6999969482422,182.42999267578125,180.89999389648438,182.3300018310547,182.3300018310547,968700
2023-07-12,181.89999389648438,182.1999969482422,180.11000061035156,181.30999755859375,181.30999755859375,1331300
2023-07-13,181.02999877929688,183.6699981689453,180.8800048828125,183.22000122070312,183.22000122070312,1931700
2023-07-14,183.77000427246094,186.75,183.1199951171875,186.1300048828125,186.1300048828125,1635800
2023-07-17,186.0,187.4499969482422,185.0399932861328,185.25,185.25,1436000
2023-07-18,185.44000244140625,187.1999969482422,184.9600067138672,187.0500030517578,187.0500030517578,1194500
2023-07-19,187.6999969482422,189.91000366210938,186.27000427246094,186.3800048828125,186.3800048828125,1910400
2023-07-20,186.3800048828125,188.25,186.11000061035156,187.41000366210938,187.41000366210938,945600
2023-07-21,187.58999633789062,189.30999755859375,186.38999938964844,189.25999450683594,189.25999450683594,1172100
2023-07-24,189.25,191.1699981689453,188.41000366210938,191.14999389648438,191.14999389648438,1014500
