Date,Open,High,Low,Close,Adj Close,Volume
2019-08-05,203.2899932861328,205.41000366210938,199.1999969482422,201.8800048828125,190.1552734375,1767800
2019-08-06,202.3800048828125,209.14999389648438,202.1300048828125,208.3800048828125,196.2777862548828,1431800
2019-08-07,206.74000549316406,210.1699981689453,204.8000030517578,208.88999938964844,196.75814819335938,1869800
2019-08-08,209.72999572753906,211.24000549316406,207.07000732421875,211.10000610351562,198.83978271484375,1050000
2019-08-09,212.3800048828125,216.72999572753906,211.67999267578125,215.72000122070312,203.1914825439453,1051900
2019-08-12,213.1999969482422,216.6999969482422,211.7899932861328,212.25,199.9230194091797,1122600
2019-08-13,212.39999389648438,214.77999877929688,208.6999969482422,213.3000030517578,200.9120330810547,986300
2019-08-14,211.08999633789062,213.22000122070312,208.24000549316406,208.33999633789062,196.2400665283203,1455300
2019-08-15,210.77000427246094,213.2899932861328,209.02000427246094,212.7100067138672,200.35630798339844,1293200
2019-08-16,214.33999633789062,214.33999633789062,211.92999267578125,213.5800018310547,201.17576599121094,1168700
2019-08-19,215.0,217.24000549316406,213.92999267578125,216.6999969482422,204.1145477294922,754400
2019-08-20,216.74000549316406,217.64999389648438,213.61000061035156,213.85000610351562,201.43006896972656,871800
2019-08-21,215.07000732421875,215.1999969482422,211.99000549316406,213.49000549316406,201.09103393554688,1089500
2019-08-22,214.52000427246094,214.7899932861328,213.13999938964844,213.24000549316406,200.8555145263672,755400
2019-08-23,212.52999877929688,213.75,210.39999389648438,211.22000122070312,198.95281982421875,1547500
2019-08-26,211.82000732421875,214.80999755859375,211.82000732421875,214.63999938964844,202.17420959472656,798600
2019-08-27,215.44000244140625,217.50999450683594,214.80999755859375,216.22000122070312,203.66244506835938,993500
2019-08-28,216.57000732421875,217.22000122070312,214.30999755859375,215.75999450683594,203.22914123535156,817900
2019-08-29,216.8300018310547,216.8699951171875,213.08999633789062,215.69000244140625,203.16323852539062,667200
2019-08-30,215.91000366210938,217.74000549316406,214.6699981689453,217.2899932861328,204.67030334472656,947300
2019-09-03,216.07000732421875,218.10000610351562,215.6699981689453,217.75999450683594,205.11302185058594,1045300
2019-09-04,217.6199951171875,221.75999450683594,217.5399932861328,221.05999755859375,208.2213592529297,1131700
2019-09-05,224.02999877929688,224.86000061035156,220.5500030517578,221.17999267578125,208.33436584472656,1185100
2019-09-06,221.52000427246094,224.91000366210938,221.32000732421875,223.07000732421875,210.11460876464844,1093900
2019-09-09,223.99000549316406,224.0,214.85000610351562,215.5800018310547,203.74465942382812,1343200
2019-09-10,215.3800048828125,216.64999389648438,204.50999450683594,205.42999267578125,194.15184020996094,2569700
2019-09-11,206.0,206.6999969482422,201.94000244140625,202.5800018310547,191.45834350585938,2564200
2019-09-12,201.97999572753906,205.77000427246094,201.77999877929688,205.3800048828125,194.10462951660156,1764800
2019-09-13,206.1300048828125,206.5399932861328,202.5399932861328,205.8000030517578,194.50155639648438,1122600
2019-09-16,205.57000732421875,209.19000244140625,205.1300048828125,207.0,195.6356964111328,1244700
2019-09-17,207.02000427246094,214.86000061035156,205.6300048828125,214.72999572753906,202.94129943847656,2497000
2019-09-18,215.10000610351562,216.47000122070312,212.99000549316406,216.1699981689453,204.30224609375,1166000
2019-09-19,214.05999755859375,216.14999389648438,210.94000244140625,211.9499969482422,200.31393432617188,1362700
2019-09-20,212.88999938964844,212.88999938964844,209.77999877929688,211.14999389648438,199.55784606933594,2050100
2019-09-23,209.77000427246094,213.0,209.5800018310547,212.27999877929688,200.62582397460938,835200
2019-09-24,213.05999755859375,216.6699981689453,211.99000549316406,212.91000366210938,201.22122192382812,1125800
2019-09-25,213.4199981689453,214.05999755859375,211.17999267578125,213.27999877929688,201.57089233398438,1119500
2019-09-26,214.82000732421875,216.69000244140625,214.22000122070312,215.99000549316406,204.1321563720703,1248300
2019-09-27,217.17999267578125,217.8800048828125,213.22000122070312,213.88999938964844,202.14743041992188,1030800
2019-09-30,214.8000030517578,214.8300018310547,210.58999633789062,211.33999633789062,199.73741149902344,1119700
2019-10-01,211.33999633789062,211.8800048828125,208.32000732421875,210.72000122070312,199.1514434814453,1106400
2019-10-02,210.0500030517578,211.80999755859375,206.8800048828125,207.83999633789062,196.42955017089844,1260600
2019-10-03,208.4199981689453,210.97000122070312,207.6999969482422,209.42999267578125,197.9322509765625,1007600
2019-10-04,210.25,216.19000244140625,209.9600067138672,216.02000427246094,204.1604766845703,1036900
2019-10-07,214.57000732421875,215.60000610351562,212.67999267578125,213.3300018310547,201.6181640625,916900
2019-10-08,212.50999450683594,213.80999755859375,211.25999450683594,212.13999938964844,200.4934539794922,1264500
2019-10-09,214.25,215.4199981689453,212.52000427246094,215.1300048828125,203.3193359375,768700
2019-10-10,214.22000122070312,217.24000549316406,214.02000427246094,215.88999938964844,204.03761291503906,673100
2019-10-11,217.7899932861328,217.7899932861328,211.75,212.8300018310547,201.1456298828125,1193900
2019-10-14,213.42999267578125,214.88999938964844,212.00999450683594,212.35000610351562,200.6919708251953,774000
2019-10-15,213.1300048828125,214.0,211.39999389648438,212.57000732421875,200.89990234375,721700
2019-10-16,211.25,212.05999755859375,208.6699981689453,212.00999450683594,200.37062072753906,1166600
2019-10-17,211.9499969482422,213.22000122070312,210.3000030517578,213.00999450683594,201.31573486328125,1420900
2019-10-18,213.5800018310547,214.1199951171875,211.61000061035156,213.1699981689453,201.46693420410156,1245100
2019-10-21,212.2100067138672,212.94000244140625,205.7899932861328,206.07000732421875,194.75674438476562,1274400
2019-10-22,206.22999572753906,207.47000122070312,201.5,202.02000427246094,190.9290771484375,1584800
2019-10-23,201.89999389648438,204.1199951171875,200.1199951171875,202.22999572753906,191.1275634765625,1043100
2019-10-24,202.9199981689453,204.4199981689453,201.44000244140625,203.25,192.09156799316406,1197400
2019-10-25,203.52000427246094,204.39999389648438,200.39999389648438,200.4600067138672,189.4547576904297,1396400
2019-10-28,201.6300048828125,201.72000122070312,196.9499969482422,200.66000366210938,189.6437530517578,2563000
2019-10-29,200.99000549316406,203.5399932861328,199.9499969482422,201.0,189.96507263183594,2497500
2019-10-30,203.88999938964844,207.4199981689453,202.11000061035156,204.97000122070312,193.71713256835938,1595000
2019-10-31,204.1999969482422,209.35000610351562,203.9499969482422,205.75,194.45431518554688,1541000
2019-11-01,206.91000366210938,207.7899932861328,200.52999877929688,201.50999450683594,190.4470977783203,1358300
2019-11-04,201.75,202.3699951171875,196.7100067138672,197.02000427246094,186.20358276367188,1377800
2019-11-05,197.02000427246094,197.97000122070312,195.7899932861328,196.9499969482422,186.13742065429688,1178800
2019-11-06,196.80999755859375,198.86000061035156,196.50999450683594,198.58999633789062,187.68736267089844,976800
2019-11-07,199.02000427246094,199.08999633789062,196.74000549316406,199.0,188.07485961914062,1023400
2019-11-08,198.94000244140625,200.5,197.5399932861328,198.1699981689453,187.2904510498047,1172300
2019-11-11,197.49000549316406,199.75,197.19000244140625,198.64999389648438,187.7440948486328,773000
2019-11-12,198.97000122070312,201.83999633789062,198.22000122070312,201.49000549316406,190.42819213867188,1009300
2019-11-13,202.60000610351562,205.9600067138672,202.39999389648438,204.6199951171875,193.38633728027344,1076600
2019-11-14,204.44000244140625,206.33999633789062,203.36000061035156,206.0500030517578,194.73782348632812,1059600
2019-11-15,206.77999877929688,206.77999877929688,203.9199981689453,204.1999969482422,192.98941040039062,1182700
2019-11-18,204.85000610351562,205.60000610351562,203.05999755859375,205.3300018310547,194.057373046875,1070300
2019-11-19,204.2899932861328,206.72000122070312,204.11000061035156,206.17999267578125,194.86070251464844,832900
2019-11-20,206.38999938964844,208.77000427246094,205.1300048828125,206.63999938964844,195.29544067382812,1187300
2019-11-21,207.3800048828125,208.0,205.16000366210938,205.49000549316406,194.2085723876953,955400
2019-11-22,205.36000061035156,207.16000366210938,204.86000061035156,206.89999389648438,195.54116821289062,851100
2019-11-25,207.5,208.77999877929688,205.5500030517578,206.8000030517578,195.44667053222656,967200
2019-11-26,206.9600067138672,207.5,204.3699951171875,205.8699951171875,194.5677032470703,2469800
2019-11-27,205.83999633789062,205.89999389648438,200.55999755859375,200.97999572753906,189.9461669921875,1722300
2019-11-29,200.0,203.52000427246094,199.50999450683594,202.72999572753906,191.60009765625,1155100
2019-12-02,202.8000030517578,205.39999389648438,202.02000427246094,203.32000732421875,192.15773010253906,1404200
2019-12-03,203.39999389648438,206.67999267578125,202.5800018310547,204.1199951171875,192.91378784179688,1250700
2019-12-04,202.67999267578125,205.39999389648438,202.67999267578125,204.77999877929688,193.5375518798828,1042100
2019-12-05,204.86000061035156,207.69000244140625,204.36000061035156,207.42999267578125,196.04205322265625,1201900
2019-12-06,206.97999572753906,207.9600067138672,205.1199951171875,205.9600067138672,194.65277099609375,1629200
2019-12-09,205.30999755859375,205.5500030517578,204.1199951171875,204.99000549316406,194.444091796875,994400
2019-12-10,205.14999389648438,206.60000610351562,204.08999633789062,205.10000610351562,194.54843139648438,1168700
2019-12-11,205.38999938964844,206.0500030517578,204.4199981689453,204.7100067138672,194.17849731445312,1189700
2019-12-12,204.19000244140625,205.60000610351562,201.97999572753906,203.13999938964844,192.68927001953125,1651200
2019-12-13,203.10000610351562,205.33999633789062,201.6699981689453,204.58999633789062,194.06466674804688,900400
2019-12-16,204.58999633789062,206.52000427246094,202.6300048828125,203.17999267578125,192.7272186279297,1544500
2019-12-17,203.80999755859375,205.0800018310547,202.25,203.57000732421875,193.09713745117188,1245000
2019-12-18,203.97000122070312,204.17999267578125,199.5399932861328,200.49000549316406,190.1756134033203,1191100
2019-12-19,200.8800048828125,204.7899932861328,200.49000549316406,204.72000122070312,194.18797302246094,1229300
2019-12-20,205.0,206.64999389648438,202.42999267578125,202.52000427246094,192.10116577148438,3423900
2019-12-23,203.8800048828125,204.4600067138672,202.25999450683594,203.27999877929688,192.8220672607422,1368900
2019-12-24,202.50999450683594,203.74000549316406,201.50999450683594,203.36000061035156,192.89793395996094,750000
2019-12-26,201.0,202.36000061035156,200.35000610351562,201.35000610351562,193.36854553222656,970700
2019-12-27,201.27999877929688,203.02999877929688,200.32000732421875,202.77999877929688,194.74183654785156,1001100
2019-12-30,202.7899932861328,203.52999877929688,198.75999450683594,199.17999267578125,191.2845458984375,1012400
2019-12-31,199.1999969482422,200.8300018310547,198.35000610351562,200.72000122070312,192.7635040283203,1016700
2020-01-02,201.11000061035156,202.0500030517578,200.5800018310547,201.85000610351562,193.8487091064453,1464900
2020-01-03,201.16000366210938,205.0500030517578,201.10000610351562,204.5500030517578,196.44168090820312,1184900
2020-01-06,205.08999633789062,206.2899932861328,203.6699981689453,205.38999938964844,197.24838256835938,1329800
2020-01-07,205.5,206.00999450683594,202.94000244140625,204.99000549316406,196.86424255371094,968000
2020-01-08,205.55999755859375,208.3800048828125,205.55999755859375,206.10000610351562,197.93023681640625,1512300
2020-01-09,206.19000244140625,210.25,205.5800018310547,208.47000122070312,200.206298828125,1667200
2020-01-10,208.39999389648438,208.88999938964844,204.69000244140625,205.08999633789062,196.9602813720703,1838200
2020-01-13,204.60000610351562,205.1199951171875,202.83999633789062,204.13999938964844,196.0479278564453,1245700
2020-01-14,204.52999877929688,204.9499969482422,203.02999877929688,203.55999755859375,195.4909210205078,1260600
2020-01-15,204.66000366210938,206.77999877929688,203.00999450683594,205.00999450683594,196.88345336914062,1185000
2020-01-16,205.3800048828125,207.22000122070312,205.2899932861328,207.14999389648438,198.93861389160156,1008400
2020-01-17,207.27999877929688,208.60000610351562,205.77000427246094,206.86000061035156,198.66009521484375,1263000
2020-01-21,207.4600067138672,209.27999877929688,206.5800018310547,206.86000061035156,198.66009521484375,1183900
2020-01-22,207.38999938964844,208.47999572753906,206.3699951171875,207.5500030517578,199.32273864746094,952500
2020-01-23,207.69000244140625,209.13999938964844,206.58999633789062,208.24000549316406,199.98541259765625,1101600
2020-01-24,208.7899932861328,209.7899932861328,208.19000244140625,209.24000549316406,200.9457550048828,1245500
2020-01-27,208.8800048828125,214.19000244140625,208.3699951171875,212.99000549316406,204.547119140625,1719900
2020-01-28,213.00999450683594,213.86000061035156,211.92999267578125,213.2100067138672,204.7583770751953,1406700
2020-01-29,213.77999877929688,215.1699981689453,211.64999389648438,213.5800018310547,205.11373901367188,921100
2020-01-30,213.16000366210938,218.8800048828125,213.0500030517578,218.77999877929688,210.10760498046875,1559200
2020-01-31,218.0399932861328,220.35000610351562,216.17999267578125,217.11000061035156,208.5037841796875,1634600
2020-02-03,218.0,218.44000244140625,214.16000366210938,214.57000732421875,206.06448364257812,1661800
2020-02-04,216.47999572753906,218.44000244140625,214.7899932861328,215.5399932861328,206.99603271484375,1649300
2020-02-05,216.22000122070312,216.89999389648438,211.38999938964844,213.42999267578125,204.9696807861328,1870400
2020-02-06,213.1699981689453,214.57000732421875,210.27999877929688,212.6300048828125,204.20138549804688,1280000
2020-02-07,212.75,215.25999450683594,212.66000366210938,213.1999969482422,204.748779296875,1163100
2020-02-10,213.6999969482422,215.0,212.13999938964844,213.3699951171875,204.91204833984375,1042700
2020-02-11,213.58999633789062,215.13999938964844,211.3000030517578,211.64999389648438,203.26022338867188,1269900
2020-02-12,208.10000610351562,210.0,204.00999450683594,207.63999938964844,199.4091796875,2374400
2020-02-13,207.6999969482422,210.25,206.8699951171875,208.30999755859375,200.0526123046875,1094200
2020-02-14,208.22000122070312,213.24000549316406,208.02000427246094,213.1300048828125,204.6815643310547,1054500
2020-02-18,210.14999389648438,214.14999389648438,210.14999389648438,213.3699951171875,204.91204833984375,1240400
2020-02-19,213.5,214.32000732421875,207.35000610351562,207.5,199.27471923828125,1854500
2020-02-20,207.97999572753906,209.2899932861328,204.69000244140625,209.0,200.71527099609375,1604200
2020-02-21,208.77999877929688,210.63999938964844,207.5,208.8300018310547,200.552001953125,2869500
2020-02-24,207.27999877929688,212.22000122070312,206.25,209.3000030517578,201.0033721923828,2604800
2020-02-25,209.66000366210938,211.22000122070312,206.88999938964844,208.32000732421875,200.06224060058594,2754000
2020-02-26,212.9600067138672,222.2899932861328,211.66000366210938,220.17999267578125,211.4521026611328,4404600
2020-02-27,220.39999389648438,225.36000061035156,210.22999572753906,210.38999938964844,202.05018615722656,3940600
2020-02-28,206.16000366210938,208.8300018310547,195.92999267578125,198.82000732421875,190.93881225585938,4751200
2020-03-02,198.4600067138672,210.3300018310547,198.3699951171875,209.39999389648438,201.09942626953125,3768500
2020-03-03,209.38999938964844,218.7899932861328,208.7100067138672,216.07000732421875,207.50502014160156,3753700
2020-03-04,217.6999969482422,224.55999755859375,214.80999755859375,223.6300048828125,214.76536560058594,2348400
2020-03-05,219.0,223.82000732421875,216.66000366210938,221.82000732421875,213.02708435058594,2800800
2020-03-06,217.4600067138672,220.49000549316406,212.74000549316406,216.25999450683594,207.68746948242188,2771300
2020-03-09,203.44000244140625,212.86000061035156,202.30999755859375,204.91000366210938,197.5639190673828,3294200
2020-03-10,208.39999389648438,212.47999572753906,199.72000122070312,207.00999450683594,199.58865356445312,2730800
2020-03-11,201.39999389648438,203.0399932861328,192.36000061035156,194.67999267578125,187.70066833496094,2816900
2020-03-12,178.41000366210938,187.85000610351562,171.25,172.30999755859375,166.1326446533203,4187500
2020-03-13,180.27000427246094,184.16000366210938,164.75999450683594,182.00999450683594,175.48489379882812,4385600
2020-03-16,163.0,168.4600067138672,148.3699951171875,148.5399932861328,143.2147979736328,5752400
2020-03-17,153.77000427246094,168.42999267578125,149.89999389648438,166.02000427246094,160.06813049316406,3602600
2020-03-18,156.0,159.10000610351562,137.49000549316406,142.97000122070312,137.844482421875,4677300
2020-03-19,145.4600067138672,158.3300018310547,131.8000030517578,155.22000122070312,149.65533447265625,4223800
2020-03-20,155.16000366210938,163.8699951171875,140.19000244140625,158.41000366210938,152.73097229003906,5123400
2020-03-23,157.82000732421875,157.82000732421875,136.72000122070312,139.5399932861328,134.53744506835938,3848600
2020-03-24,147.1999969482422,153.25999450683594,144.6699981689453,152.25999450683594,146.8014373779297,3172100
2020-03-25,152.0,160.58999633789062,146.35000610351562,156.3300018310547,150.72552490234375,4155600
2020-03-26,158.0,176.97999572753906,157.00999450683594,174.83999633789062,168.5719451904297,3594300
2020-03-27,167.0,178.3300018310547,164.16000366210938,171.33999633789062,165.19741821289062,2339200
2020-03-30,174.89999389648438,176.89999389648438,170.8800048828125,173.99000549316406,167.75242614746094,2299700
2020-03-31,172.13999938964844,174.80999755859375,166.86000061035156,172.91000366210938,166.71112060546875,2546300
2020-04-01,164.47000122070312,167.6199951171875,162.5500030517578,166.1999969482422,160.24166870117188,2333300
2020-04-02,166.52999877929688,169.47999572753906,162.80999755859375,168.57000732421875,162.52671813964844,2335300
2020-04-03,167.02000427246094,174.8800048828125,166.10000610351562,173.74000549316406,167.51138305664062,1747200
2020-04-06,179.77000427246094,184.0,178.3800048828125,182.44000244140625,175.8994598388672,2359700
2020-04-07,187.3300018310547,189.47999572753906,176.22000122070312,176.80999755859375,170.47129821777344,2448700
2020-04-08,179.8699951171875,181.86000061035156,176.17999267578125,180.97000122070312,174.48219299316406,1685000
2020-04-09,181.8699951171875,191.0399932861328,181.8699951171875,190.16000366210938,183.3427276611328,3187700
2020-04-13,187.5800018310547,188.5800018310547,181.22000122070312,182.67999267578125,176.130859375,1290300
2020-04-14,183.72000122070312,189.14999389648438,183.72000122070312,188.07000732421875,181.32763671875,1905500
2020-04-15,183.94000244140625,186.99000549316406,183.44000244140625,184.97999572753906,178.34841918945312,1648000
2020-04-16,186.5,188.24000549316406,184.2100067138672,187.33999633789062,180.62380981445312,1200600
2020-04-17,189.47000122070312,192.25999450683594,188.0,191.6199951171875,184.75035095214844,1597100
2020-04-20,192.13999938964844,192.27000427246094,180.1699981689453,184.6199951171875,178.00132751464844,2660200
2020-04-21,179.5,182.58999633789062,170.92999267578125,178.02000427246094,171.637939453125,2532600
2020-04-22,181.41000366210938,182.4199981689453,177.3300018310547,179.38999938964844,172.9588165283203,1794300
2020-04-23,178.7899932861328,181.97999572753906,177.66000366210938,178.47999572753906,172.08145141601562,1348500
2020-04-24,181.2899932861328,183.6199951171875,179.24000549316406,182.72000122070312,176.16944885253906,1483600
2020-04-27,184.5800018310547,188.82000732421875,183.4499969482422,187.75,181.01910400390625,2104600
2020-04-28,188.5,192.0,183.17999267578125,184.32000732421875,177.7120819091797,2140200
2020-04-29,186.6699981689453,190.75999450683594,181.1199951171875,181.47000122070312,174.96426391601562,2394400
2020-04-30,180.3300018310547,180.72999572753906,174.4600067138672,178.2100067138672,171.82113647460938,2413200
2020-05-01,175.4499969482422,176.9499969482422,171.7100067138672,173.64999389648438,167.42459106445312,2457100
2020-05-04,174.5500030517578,175.0,170.6699981689453,172.55999755859375,166.37367248535156,2274600
2020-05-05,175.08999633789062,180.6999969482422,173.38999938964844,178.50999450683594,172.1103515625,1678200
2020-05-06,179.52999877929688,180.39999389648438,173.41000366210938,173.6999969482422,167.47279357910156,1575700
2020-05-07,176.58999633789062,182.47999572753906,174.80999755859375,178.49000549316406,172.09109497070312,1716900
2020-05-08,180.4600067138672,181.80999755859375,179.74000549316406,181.52999877929688,175.02210998535156,1445600
2020-05-11,178.97000122070312,185.11000061035156,178.3800048828125,184.1699981689453,177.56744384765625,1950200
2020-05-12,185.6300048828125,186.38999938964844,179.13999938964844,179.17999267578125,172.75634765625,1307700
2020-05-13,175.66000366210938,179.05999755859375,174.4499969482422,177.9600067138672,171.58009338378906,1508700
2020-05-14,176.5500030517578,180.89999389648438,175.6300048828125,180.52000427246094,174.04830932617188,1505500
2020-05-15,179.63999938964844,181.9499969482422,177.6199951171875,181.07000732421875,174.57859802246094,1802900
2020-05-18,185.30999755859375,187.22999572753906,183.69000244140625,185.8000030517578,179.13902282714844,1338800
2020-05-19,184.86000061035156,185.99000549316406,179.3300018310547,179.75999450683594,173.3155517578125,1044600
2020-05-20,181.0500030517578,182.5399932861328,180.24000549316406,180.82000732421875,174.3375701904297,950700
2020-05-21,179.33999633789062,181.3800048828125,177.6300048828125,178.17999267578125,171.79220581054688,1807500
2020-05-22,177.9199981689453,178.97999572753906,176.02000427246094,178.8000030517578,172.38998413085938,999000
2020-05-26,182.13999938964844,184.9199981689453,180.72000122070312,182.47000122070312,175.9283905029297,1595700
2020-05-27,184.7100067138672,185.8800048828125,172.05999755859375,176.52999877929688,170.2013397216797,3862800
2020-05-28,178.0500030517578,182.27999877929688,176.0800018310547,180.49000549316406,174.01939392089844,2497200
2020-05-29,177.7899932861328,182.77000427246094,177.7899932861328,182.60000610351562,176.0537567138672,1761100
2020-06-01,181.92999267578125,185.47000122070312,181.85000610351562,182.32000732421875,175.78378295898438,1442600
2020-06-02,181.9499969482422,182.25999450683594,176.35000610351562,178.77999877929688,172.37069702148438,2287800
2020-06-03,180.3800048828125,186.8800048828125,179.02000427246094,186.25999450683594,179.58251953125,2197000
2020-06-04,185.77000427246094,186.17999267578125,181.77000427246094,184.50999450683594,177.89524841308594,1634300
2020-06-05,188.13999938964844,193.92999267578125,187.6199951171875,192.13999938964844,185.25173950195312,3033100
2020-06-08,192.3000030517578,192.86000061035156,188.0399932861328,191.75,184.8756866455078,2022500
2020-06-09,188.49000549316406,192.2899932861328,188.11000061035156,191.10000610351562,185.0694122314453,3099000
2020-06-10,190.1300048828125,190.99000549316406,187.94000244140625,188.6999969482422,182.74514770507812,2409400
2020-06-11,185.61000061035156,185.75,174.02000427246094,174.17999267578125,168.68333435058594,2928600
2020-06-12,177.72999572753906,177.92999267578125,172.0800018310547,174.72000122070312,169.20632934570312,3020300
2020-06-15,171.5500030517578,175.8000030517578,171.17999267578125,174.64999389648438,169.1385040283203,1967500
2020-06-16,178.5,179.13999938964844,174.22000122070312,176.11000061035156,170.5524444580078,2311100
2020-06-17,177.3000030517578,179.38999938964844,175.22999572753906,178.36000061035156,172.7314453125,1857200
2020-06-18,177.6199951171875,179.1199951171875,175.72000122070312,176.32000732421875,170.75582885742188,1177600
2020-06-19,178.69000244140625,179.86000061035156,174.3000030517578,175.52000427246094,169.98106384277344,3059600
2020-06-22,174.5,175.5800018310547,172.61000061035156,175.08999633789062,169.5646209716797,1603300
2020-06-23,176.99000549316406,176.99000549316406,172.80999755859375,173.5500030517578,168.0732421875,1770900
2020-06-24,171.2899932861328,171.9499969482422,165.92999267578125,167.47000122070312,162.1851043701172,2343300
2020-06-25,166.67999267578125,168.8800048828125,164.5500030517578,168.69000244140625,163.36660766601562,2982200
2020-06-26,167.92999267578125,168.22000122070312,161.24000549316406,162.4499969482422,157.32351684570312,3176000
2020-06-29,164.0800018310547,164.11000061035156,161.11000061035156,162.00999450683594,156.89739990234375,2464700
2020-06-30,163.4499969482422,163.49000549316406,161.35000610351562,162.5399932861328,157.41065979003906,2676100
2020-07-01,161.75,170.1199951171875,161.55999755859375,168.89999389648438,163.56996154785156,2910800
2020-07-02,170.74000549316406,171.33999633789062,164.8800048828125,165.27000427246094,160.05453491210938,1573900
2020-07-06,166.3300018310547,167.8000030517578,164.39999389648438,165.8000030517578,160.56781005859375,2149400
2020-07-07,164.24000549316406,166.75,163.88999938964844,165.61000061035156,160.38380432128906,1630000
2020-07-08,165.08999633789062,169.1699981689453,165.02000427246094,168.0800018310547,162.77584838867188,1521300
2020-07-09,167.0399932861328,167.9600067138672,164.22999572753906,165.52999877929688,160.3063201904297,1338000
2020-07-10,166.41000366210938,166.88999938964844,164.02999877929688,164.58999633789062,159.39596557617188,1955200
2020-07-13,165.72999572753906,169.0399932861328,164.86000061035156,165.1999969482422,159.9867401123047,1512500
2020-07-14,166.33999633789062,166.6199951171875,164.05999755859375,165.55999755859375,160.3353729248047,1579800
2020-07-15,168.30999755859375,169.16000366210938,166.2899932861328,168.8300018310547,163.502197265625,1659500
2020-07-16,168.0500030517578,168.63999938964844,165.5800018310547,167.2100067138672,161.93331909179688,1366100
2020-07-17,167.5399932861328,168.1699981689453,166.1699981689453,166.6199951171875,161.36190795898438,1599300
2020-07-20,165.05999755859375,168.4499969482422,165.05999755859375,167.89999389648438,162.6015167236328,1127600
2020-07-21,169.0500030517578,170.5399932861328,167.85000610351562,168.22000122070312,162.91143798828125,1429400
2020-07-22,167.47000122070312,170.44000244140625,167.02999877929688,170.30999755859375,164.9354705810547,1230900
2020-07-23,170.83999633789062,171.67999267578125,168.47000122070312,168.94000244140625,163.6087188720703,1415300
2020-07-24,169.0,169.85000610351562,167.82000732421875,168.75,163.42469787597656,1245200
2020-07-27,167.7899932861328,169.25,166.66000366210938,167.5,162.21414184570312,1651500
2020-07-28,167.99000549316406,168.36000061035156,164.77999877929688,166.0,160.761474609375,1855500
2020-07-29,165.42999267578125,167.77999877929688,163.80999755859375,164.8800048828125,159.67684936523438,2170200
2020-07-30,162.97999572753906,164.3300018310547,161.69000244140625,163.10000610351562,157.95301818847656,2631500
2020-07-31,164.0,166.30999755859375,163.22999572753906,166.17999267578125,160.935791015625,1845200
2020-08-03,166.0800018310547,166.58999633789062,162.33999633789062,163.0,157.8561553955078,2226100
2020-08-04,162.52000427246094,164.0,162.1300048828125,163.1300048828125,157.9820556640625,1839200
2020-08-05,164.14999389648438,164.58999633789062,162.7899932861328,163.1699981689453,158.0207977294922,1110900
2020-08-06,162.47999572753906,164.39999389648438,162.1999969482422,163.97000122070312,158.79556274414062,1808100
2020-08-07,163.67999267578125,168.02999877929688,162.14999389648438,167.13999938964844,161.8655242919922,1903400
2020-08-10,167.57000732421875,168.27999877929688,163.82000732421875,165.33999633789062,160.122314453125,1991500
2020-08-11,166.72999572753906,169.25999450683594,165.77999877929688,168.1199951171875,162.81455993652344,1966800
2020-08-12,169.8800048828125,172.24000549316406,169.4499969482422,169.9600067138672,164.59652709960938,1568000
2020-08-13,169.0800018310547,170.49000549316406,167.72999572753906,169.57000732421875,164.21884155273438,1166000
2020-08-14,169.11000061035156,172.24000549316406,169.0800018310547,171.44000244140625,166.02981567382812,1085800
2020-08-17,171.24000549316406,174.8300018310547,171.0399932861328,174.61000061035156,169.0997772216797,1927200
2020-08-18,175.10000610351562,176.1999969482422,172.4199981689453,173.80999755859375,168.32501220703125,1366700
2020-08-19,174.77000427246094,174.8300018310547,171.24000549316406,172.1999969482422,166.7658233642578,1308100
2020-08-20,171.0,173.92999267578125,170.5500030517578,173.17999267578125,167.7148895263672,1051700
2020-08-21,173.7899932861328,174.3300018310547,172.38999938964844,173.86000061035156,168.3734588623047,1223600
2020-08-24,174.11000061035156,175.52000427246094,173.00999450683594,175.2100067138672,169.68084716796875,994100
2020-08-25,175.16000366210938,176.3699951171875,174.0,174.9199981689453,169.39999389648438,1152800
2020-08-26,174.3699951171875,175.9600067138672,173.5,175.25999450683594,169.72926330566406,1373400
2020-08-27,175.85000610351562,178.25,175.3000030517578,176.4499969482422,170.88172912597656,1339500
2020-08-28,177.4600067138672,177.80999755859375,175.30999755859375,177.02999877929688,171.44338989257812,1220100
2020-08-31,177.47999572753906,177.47999572753906,175.72000122070312,175.8699951171875,170.32000732421875,1374100
2020-09-01,175.17999267578125,176.0,172.00999450683594,173.77999877929688,168.29595947265625,1340300
2020-09-02,172.69000244140625,175.64999389648438,171.16000366210938,172.7100067138672,167.25975036621094,2407000
2020-09-03,173.63999938964844,176.24000549316406,170.97999572753906,171.88999938964844,166.46560668945312,1812400
2020-09-04,172.97000122070312,173.36000061035156,166.6999969482422,169.6199951171875,164.26724243164062,2038800
2020-09-08,168.6199951171875,169.8000030517578,166.3300018310547,167.0,161.72991943359375,1672600
2020-09-09,166.63999938964844,169.55999755859375,166.39999389648438,168.00999450683594,163.54043579101562,1241400
2020-09-10,166.5800018310547,168.52000427246094,163.67999267578125,163.94000244140625,159.5787353515625,2055500
2020-09-11,163.7899932861328,164.52000427246094,162.0399932861328,163.2100067138672,158.86814880371094,2143800
2020-09-14,164.60000610351562,167.0,163.86000061035156,166.0800018310547,161.6617889404297,970600
2020-09-15,167.02999877929688,168.67999267578125,166.3000030517578,168.10000610351562,163.6280517578125,1479800
2020-09-16,169.1300048828125,170.8800048828125,168.35000610351562,170.1999969482422,165.67218017578125,1885400
2020-09-17,168.80999755859375,171.00999450683594,168.0,170.7100067138672,166.1686248779297,1615600
2020-09-18,172.2100067138672,172.49000549316406,168.4199981689453,169.0500030517578,164.5527801513672,2325100
2020-09-21,166.75999450683594,168.8300018310547,164.8300018310547,167.69000244140625,163.22898864746094,1900700
2020-09-22,167.4600067138672,168.88999938964844,164.41000366210938,166.58999633789062,162.15821838378906,1160300
2020-09-23,163.36000061035156,167.22999572753906,162.0399932861328,162.35000610351562,158.03103637695312,1579300
2020-09-24,162.13999938964844,165.27000427246094,161.64999389648438,163.92999267578125,159.56898498535156,1258800
2020-09-25,163.63999938964844,166.99000549316406,163.22999572753906,166.77999877929688,162.34317016601562,1337700
2020-09-28,167.94000244140625,170.1300048828125,167.5800018310547,168.92999267578125,164.43597412109375,1396600
2020-09-29,169.0,169.8000030517578,164.1300048828125,166.1199951171875,161.70071411132812,1741700
2020-09-30,166.60000610351562,168.91000366210938,165.94000244140625,167.30999755859375,162.85906982421875,1322800
2020-10-01,168.49000549316406,170.97000122070312,167.6300048828125,170.25,165.72085571289062,1308100
2020-10-02,168.5,170.19000244140625,168.02000427246094,168.49000549316406,164.0076904296875,1133300
2020-10-05,168.2899932861328,169.8699951171875,166.3300018310547,166.94000244140625,162.49891662597656,1920500
2020-10-06,168.36000061035156,170.38999938964844,166.99000549316406,168.3300018310547,163.8519287109375,1754700
2020-10-07,168.47999572753906,170.0399932861328,167.5800018310547,169.5,164.99081420898438,2043700
2020-10-08,169.55999755859375,172.39999389648438,169.38999938964844,170.89999389648438,166.3535614013672,1408600
2020-10-09,171.9499969482422,172.05999755859375,168.6999969482422,169.41000366210938,164.90321350097656,1100600
2020-10-12,169.17999267578125,171.0800018310547,169.17999267578125,170.0,165.47750854492188,893600
2020-10-13,169.7100067138672,170.91000366210938,167.0,167.5,163.0440216064453,1263000
2020-10-14,167.88999938964844,168.92999267578125,166.41000366210938,166.6999969482422,162.26528930664062,1146500
2020-10-15,164.92999267578125,167.25999450683594,164.4499969482422,167.08999633789062,162.64491271972656,1339700
2020-10-16,167.5800018310547,169.5,165.69000244140625,167.99000549316406,163.52098083496094,1006400
2020-10-19,168.8000030517578,168.8000030517578,163.25999450683594,163.33999633789062,158.9946746826172,1284700
2020-10-20,163.89999389648438,165.00999450683594,162.89999389648438,163.1199951171875,158.78053283691406,1956300
2020-10-21,163.16000366210938,164.8699951171875,162.22999572753906,164.58999633789062,160.21142578125,2142100
2020-10-22,164.97999572753906,165.07000732421875,162.8699951171875,163.47999572753906,159.13096618652344,1440600
2020-10-23,164.69000244140625,165.17999267578125,162.25999450683594,163.86000061035156,159.5008544921875,1061800
2020-10-26,162.1300048828125,163.05999755859375,157.89999389648438,160.16000366210938,155.89927673339844,1342100
2020-10-27,160.24000549316406,161.44000244140625,159.35000610351562,159.47000122070312,155.22763061523438,1565800
2020-10-28,155.17999267578125,156.0,147.52999877929688,149.55999755859375,145.58126831054688,3241800
2020-10-29,149.24000549316406,152.5800018310547,146.88999938964844,149.99000549316406,145.9998321533203,2348100
2020-10-30,149.14999389648438,150.8699951171875,147.8000030517578,150.72000122070312,146.71041870117188,1947900
2020-11-02,153.0,154.77999877929688,150.83999633789062,152.27999877929688,148.22891235351562,2100700
2020-11-03,154.80999755859375,156.2100067138672,153.22000122070312,153.47999572753906,149.39697265625,1770500
2020-11-04,154.3699951171875,156.27999877929688,150.32000732421875,150.5,146.4962615966797,2486000
2020-11-05,152.0500030517578,152.61000061035156,150.0,150.4499969482422,146.44760131835938,2023500
2020-11-06,151.80999755859375,151.8300018310547,149.3000030517578,150.58999633789062,146.58387756347656,1566100
2020-11-09,160.83999633789062,166.38999938964844,160.24000549316406,162.41000366210938,158.0894317626953,4198000
2020-11-10,162.02999877929688,168.8699951171875,161.11000061035156,168.7100067138672,164.22183227539062,3366000
2020-11-11,169.3699951171875,170.27000427246094,165.1699981689453,165.80999755859375,161.3989715576172,1952100
2020-11-12,164.35000610351562,165.1999969482422,159.4600067138672,161.00999450683594,156.72665405273438,1500100
2020-11-13,161.9499969482422,167.0800018310547,161.7100067138672,165.9600067138672,161.54501342773438,1548700
2020-11-16,168.52999877929688,169.33999633789062,166.1199951171875,168.77000427246094,164.28024291992188,1660300
2020-11-17,166.63999938964844,168.47999572753906,165.4499969482422,168.07000732421875,163.59886169433594,1372400
2020-11-18,168.35000610351562,169.64999389648438,165.64999389648438,165.77999877929688,161.36976623535156,1225400
2020-11-19,165.32000732421875,166.67999267578125,163.52000427246094,165.92999267578125,161.5157928466797,972800
2020-11-20,166.4499969482422,168.33999633789062,164.97999572753906,167.47000122070312,163.0148162841797,1282800
2020-11-23,168.72000122070312,171.02999877929688,167.72000122070312,168.77999877929688,164.2899627685547,1752600
2020-11-24,170.25999450683594,174.13999938964844,169.91000366210938,173.17999267578125,168.57290649414062,2072800
2020-11-25,173.17999267578125,174.89999389648438,170.67999267578125,174.7899932861328,170.1400909423828,1827900
2020-11-27,174.5399932861328,176.1300048828125,173.69000244140625,174.77000427246094,170.12063598632812,921000
2020-11-30,173.5500030517578,175.13999938964844,172.9499969482422,175.02999877929688,170.37368774414062,1925500
2020-12-01,177.02999877929688,180.3300018310547,175.91000366210938,179.16000366210938,174.39382934570312,2626800
2020-12-02,178.9199981689453,182.9499969482422,178.8800048828125,181.8800048828125,177.04147338867188,1673800
2020-12-03,181.3300018310547,182.86000061035156,179.3699951171875,181.7100067138672,176.87599182128906,1449800
2020-12-04,182.33999633789062,185.11000061035156,181.72000122070312,184.02999877929688,179.13424682617188,1323200
2020-12-07,180.52999877929688,183.66000366210938,180.08999633789062,183.17999267578125,178.306884765625,1211000
2020-12-08,182.11000061035156,184.2899932861328,179.47000122070312,183.3800048828125,178.50157165527344,1545700
2020-12-09,184.3000030517578,184.5,180.94000244140625,182.3800048828125,178.35488891601562,1407000
2020-12-10,181.44000244140625,183.77000427246094,181.1699981689453,182.47999572753906,178.45265197753906,1831100
2020-12-11,181.33999633789062,184.33999633789062,179.77000427246094,180.27000427246094,176.29144287109375,2010600
2020-12-14,181.7100067138672,182.27999877929688,177.5399932861328,177.5500030517578,173.6314697265625,1382200
2020-12-15,178.5399932861328,181.39999389648438,177.75999450683594,181.38999938964844,177.38671875,1440800
2020-12-16,181.44000244140625,183.22999572753906,181.0,181.72000122070312,177.7094268798828,1223600
2020-12-17,183.0800018310547,185.25999450683594,182.1999969482422,184.94000244140625,180.85836791992188,1954200
2020-12-18,185.2100067138672,187.0,181.8699951171875,183.97999572753906,179.9195556640625,3581300
2020-12-21,181.57000732421875,182.8800048828125,179.66000366210938,181.77000427246094,177.75833129882812,1831100
2020-12-22,181.83999633789062,182.99000549316406,180.61000061035156,181.0,177.0053253173828,1001900
2020-12-23,181.4499969482422,183.30999755859375,180.1999969482422,180.33999633789062,176.35987854003906,1289800
2020-12-24,177.8300018310547,178.85000610351562,177.14999389648438,178.47999572753906,176.99456787109375,466100
2020-12-28,179.14999389648438,181.07000732421875,178.7100067138672,180.38999938964844,178.888671875,951600
2020-12-29,181.13999938964844,181.47999572753906,178.69000244140625,178.86000061035156,177.3714141845703,872100
2020-12-30,179.85000610351562,180.17999267578125,177.77000427246094,178.0,176.51856994628906,813400
2020-12-31,178.55999755859375,182.22000122070312,178.11000061035156,182.0500030517578,180.5348663330078,1400100
2021-01-04,183.10000610351562,183.1699981689453,177.69000244140625,179.3000030517578,177.8077392578125,1437700
2021-01-05,179.6199951171875,179.75,177.50999450683594,179.1199951171875,177.62924194335938,1683200
2021-01-06,181.61000061035156,194.80999755859375,181.16000366210938,193.3800048828125,191.77056884765625,4452300
2021-01-07,197.24000549316406,199.3000030517578,195.00999450683594,198.80999755859375,197.15536499023438,2788800
2021-01-08,196.97999572753906,200.86000061035156,196.97999572753906,199.67999267578125,198.0181121826172,1867400
2021-01-11,198.52000427246094,200.3300018310547,197.00999450683594,198.94000244140625,197.2843017578125,1399200
2021-01-12,199.2899932861328,202.10000610351562,198.57000732421875,201.49000549316406,199.81307983398438,1631700
2021-01-13,202.47000122070312,205.0500030517578,197.6699981689453,197.9499969482422,196.30252075195312,1973800
2021-01-14,198.24000549316406,198.92999267578125,193.72999572753906,194.13999938964844,192.5242462158203,1330000
2021-01-15,192.66000366210938,193.67999267578125,191.13999938964844,191.82000732421875,190.22354125976562,1376700
2021-01-19,193.22000122070312,194.35000610351562,191.02999877929688,192.1999969482422,190.60037231445312,1528200
2021-01-20,192.27999877929688,192.74000549316406,188.86000061035156,189.8300018310547,188.2501220703125,1217500
2021-01-21,189.4499969482422,189.4499969482422,186.07000732421875,186.1999969482422,184.6503143310547,1424300
2021-01-22,185.50999450683594,185.9499969482422,183.88999938964844,184.0399932861328,182.50828552246094,1135600
2021-01-25,183.69000244140625,185.1199951171875,182.07000732421875,184.3699951171875,182.83554077148438,1350700
2021-01-26,184.61000061035156,185.33999633789062,183.02000427246094,183.75,182.220703125,1248900
2021-01-27,182.47000122070312,183.52000427246094,177.72999572753906,178.7899932861328,177.30198669433594,2261300
2021-01-28,180.50999450683594,185.25,179.82000732421875,182.47000122070312,180.95135498046875,1514600
2021-01-29,180.77000427246094,183.05999755859375,177.91000366210938,181.74000549316406,180.22744750976562,1829400
2021-02-01,184.63999938964844,188.89999389648438,182.91000366210938,187.44000244140625,185.87998962402344,1582700
2021-02-02,189.4499969482422,193.63999938964844,189.22000122070312,192.00999450683594,190.41195678710938,1628500
2021-02-03,193.1999969482422,193.3800048828125,190.5,191.99000549316406,190.3921356201172,1296800
2021-02-04,192.94000244140625,194.83999633789062,192.16000366210938,193.52999877929688,191.9193115234375,1394300
2021-02-05,194.08999633789062,194.4499969482422,188.42999267578125,191.38999938964844,189.797119140625,1741400
2021-02-08,192.94000244140625,193.6699981689453,190.24000549316406,191.74000549316406,190.1442108154297,2071100
2021-02-09,193.0,195.5399932861328,191.22999572753906,191.97000122070312,190.37229919433594,2026300
2021-02-10,191.1199951171875,192.19000244140625,182.66000366210938,185.1999969482422,183.65863037109375,2688300
2021-02-11,185.75999450683594,186.2899932861328,179.69000244140625,182.7100067138672,181.18936157226562,2515000
2021-02-12,182.86000061035156,184.58999633789062,182.11000061035156,184.3699951171875,182.83554077148438,1441400
2021-02-16,185.08999633789062,189.89999389648438,183.0,189.41000366210938,187.83360290527344,2677700
2021-02-17,189.4199981689453,191.89999389648438,187.22000122070312,191.13999938964844,189.54920959472656,1513800
2021-02-18,190.0500030517578,194.24000549316406,189.72000122070312,193.99000549316406,192.37548828125,1497200
2021-02-19,194.97000122070312,196.4600067138672,192.88999938964844,195.07000732421875,193.44651794433594,1432400
2021-02-22,194.00999450683594,195.8800048828125,191.50999450683594,195.47000122070312,193.84317016601562,2022700
2021-02-23,195.47000122070312,199.75999450683594,194.0,198.75,197.0958709716797,3454400
2021-02-24,199.83999633789062,202.91000366210938,198.9199981689453,200.6999969482422,199.02964782714844,1681900
2021-02-25,202.8699951171875,207.44000244140625,202.00999450683594,204.8000030517578,203.09552001953125,2398100
2021-02-26,206.1699981689453,206.17999267578125,198.52999877929688,199.6999969482422,198.0379638671875,2689400
2021-03-01,202.05999755859375,211.58999633789062,202.0500030517578,209.6999969482422,207.95474243164062,2418600
2021-03-02,208.89999389648438,209.4199981689453,206.08999633789062,206.63999938964844,204.92019653320312,1593400
2021-03-03,206.3800048828125,208.77999877929688,205.52000427246094,205.8000030517578,204.0872039794922,1406100
2021-03-04,206.80999755859375,208.00999450683594,204.0,207.02000427246094,205.2970428466797,2136800
2021-03-05,209.0,215.63999938964844,208.19000244140625,213.9199981689453,212.13961791992188,3186200
2021-03-08,214.5500030517578,216.75,210.77000427246094,214.0399932861328,212.25860595703125,2451000
2021-03-09,212.39999389648438,213.88999938964844,209.1699981689453,209.72000122070312,208.85275268554688,2500200
2021-03-10,209.49000549316406,210.22000122070312,204.41000366210938,206.63999938964844,205.78549194335938,1990000
2021-03-11,205.2899932861328,207.44000244140625,203.11000061035156,205.61000061035156,204.75975036621094,1823600
2021-03-12,206.75999450683594,209.7100067138672,205.77000427246094,209.14999389648438,208.2851104736328,1706600
2021-03-15,209.0800018310547,209.99000549316406,205.82000732421875,209.08999633789062,208.22535705566406,1439400
2021-03-16,208.99000549316406,209.97000122070312,205.77999877929688,207.1199951171875,206.2635040283203,1247300
2021-03-17,209.11000061035156,209.25999450683594,206.14999389648438,206.5800018310547,205.72573852539062,1577500
2021-03-18,207.82000732421875,210.3000030517578,205.1300048828125,205.77999877929688,204.92904663085938,1650800
2021-03-19,204.69000244140625,204.69000244140625,200.8000030517578,202.66000366210938,201.82196044921875,4850200
2021-03-22,200.22000122070312,202.77999877929688,198.94000244140625,199.35000610351562,198.52565002441406,1339800
2021-03-23,199.6300048828125,201.00999450683594,197.38999938964844,199.92999267578125,199.1032257080078,1471800
2021-03-24,201.47000122070312,205.85000610351562,201.02000427246094,204.77999877929688,203.9331817626953,1452400
2021-03-25,203.77999877929688,205.66000366210938,201.0,205.25,204.4012451171875,1119400
2021-03-26,204.9199981689453,208.77000427246094,203.6300048828125,208.44000244140625,207.5780487060547,1286700
2021-03-29,206.85000610351562,209.47000122070312,205.0399932861328,208.97000122070312,208.10585021972656,1016500
2021-03-30,209.39999389648438,209.39999389648438,204.30999755859375,204.94000244140625,204.092529296875,1032400
2021-03-31,203.50999450683594,205.77999877929688,203.25,204.22999572753906,203.3854522705078,1606300
2021-04-01,205.1999969482422,206.27999877929688,203.74000549316406,206.08999633789062,205.23776245117188,1243000
2021-04-05,206.99000549316406,208.3699951171875,206.1699981689453,207.44000244140625,206.58218383789062,1072000
2021-04-06,209.27000427246094,209.38999938964844,204.38999938964844,205.08999633789062,204.2418975830078,1115900
2021-04-07,204.80999755859375,205.8800048828125,202.97999572753906,204.33999633789062,203.4949951171875,1099300
2021-04-08,204.5500030517578,205.25,201.80999755859375,202.74000549316406,201.90162658691406,1189700
2021-04-09,204.0,204.97999572753906,202.52999877929688,204.6300048828125,203.7838134765625,1052200
2021-04-12,203.97999572753906,205.3300018310547,203.6199951171875,204.6999969482422,203.853515625,1296600
2021-04-13,203.22999572753906,207.4199981689453,202.55999755859375,205.86000061035156,205.0087127685547,1369800
2021-04-14,205.02999877929688,207.36000061035156,204.32000732421875,206.77000427246094,205.9149627685547,839200
2021-04-15,206.7899932861328,207.97000122070312,203.27999877929688,204.0500030517578,203.20620727539062,2105200
2021-04-16,205.22999572753906,208.5399932861328,205.16000366210938,207.5800018310547,206.7216033935547,1271300
2021-04-19,207.14999389648438,207.75,204.14999389648438,205.58999633789062,204.73983764648438,1060500
2021-04-20,205.58999633789062,206.92999267578125,204.77999877929688,206.1199951171875,205.26763916015625,893700
2021-04-21,206.38999938964844,208.05999755859375,205.6999969482422,206.97000122070312,206.1141357421875,1048000
2021-04-22,206.30999755859375,207.30999755859375,205.57000732421875,206.1300048828125,205.27760314941406,1162400
2021-04-23,206.24000549316406,208.52000427246094,205.1999969482422,207.30999755859375,206.4527130126953,1055300
2021-04-26,208.3300018310547,208.3300018310547,204.2100067138672,204.69000244140625,203.8435516357422,904200
2021-04-27,204.13999938964844,205.16000366210938,203.58999633789062,204.77999877929688,203.9331817626953,1749300
2021-04-28,204.63999938964844,204.63999938964844,199.69000244140625,201.02000427246094,200.18873596191406,1712100
2021-04-29,201.0399932861328,204.1300048828125,200.6199951171875,203.72999572753906,202.8875274658203,1261800
2021-04-30,203.44000244140625,204.69000244140625,200.75,201.99000549316406,201.15472412109375,1185900
2021-05-03,202.5,205.27999877929688,201.41000366210938,203.6999969482422,202.85765075683594,1127900
2021-05-04,204.13999938964844,204.4499969482422,201.3800048828125,204.36000061035156,203.51492309570312,1463300
2021-05-05,204.5399932861328,204.89999389648438,202.74000549316406,203.05999755859375,202.2202911376953,956800
2021-05-06,204.27999877929688,205.24000549316406,202.5399932861328,204.35000610351562,203.50497436523438,944700
2021-05-07,203.42999267578125,204.3800048828125,200.10000610351562,202.9199981689453,202.08087158203125,1567100
2021-05-10,204.4600067138672,209.80999755859375,203.44000244140625,208.0500030517578,207.18966674804688,1561700
2021-05-11,206.2899932861328,213.80999755859375,206.2899932861328,212.08999633789062,211.21295166015625,2353700
2021-05-12,212.02000427246094,217.0800018310547,211.24000549316406,214.07000732421875,213.1847686767578,3012300
2021-05-13,214.0,218.8000030517578,212.72000122070312,215.25999450683594,214.36984252929688,1978600
2021-05-14,216.1300048828125,218.60000610351562,215.5500030517578,216.99000549316406,216.0926971435547,1162200
2021-05-17,217.72999572753906,217.99000549316406,213.0500030517578,216.42999267578125,215.53500366210938,753000
2021-05-18,216.14999389648438,216.77000427246094,214.0,214.22999572753906,213.34410095214844,937600
2021-05-19,211.22000122070312,213.17999267578125,208.85000610351562,211.86000061035156,210.98390197753906,1753400
2021-05-20,211.80999755859375,217.14999389648438,210.85000610351562,216.00999450683594,215.1167449951172,1118200
2021-05-21,215.02000427246094,218.0500030517578,214.9199981689453,217.77999877929688,216.87942504882812,964700
2021-05-24,218.0,219.72000122070312,216.94000244140625,217.30999755859375,216.41136169433594,782600
2021-05-25,217.4199981689453,217.7100067138672,214.41000366210938,214.8800048828125,213.99142456054688,1182600
2021-05-26,216.3699951171875,217.27000427246094,214.02000427246094,216.1300048828125,215.2362518310547,807400
2021-05-27,216.7100067138672,218.2899932861328,215.82000732421875,218.08999633789062,217.18814086914062,1312400
2021-05-28,218.75,219.3300018310547,217.3800048828125,218.75999450683594,217.85536193847656,1019100
2021-06-01,219.5,221.82000732421875,212.88999938964844,213.14999389648438,212.26856994628906,1072000
2021-06-02,213.6999969482422,216.60000610351562,213.30999755859375,216.30999755859375,215.41549682617188,855700
2021-06-03,216.5500030517578,218.97000122070312,214.52999877929688,217.9499969482422,217.04872131347656,1087900
2021-06-04,217.72000122070312,218.72999572753906,217.00999450683594,218.3699951171875,217.46697998046875,663300
2021-06-07,219.3300018310547,219.4199981689453,217.05999755859375,218.10000610351562,217.19810485839844,807300
2021-06-08,216.5399932861328,217.94000244140625,215.72999572753906,217.63999938964844,216.74000549316406,1054700
2021-06-09,215.7100067138672,217.8000030517578,214.77000427246094,215.50999450683594,215.50999450683594,1068100
2021-06-10,215.0399932861328,215.6199951171875,212.2100067138672,212.8699951171875,212.8699951171875,1003000
2021-06-11,212.91000366210938,214.5,212.4199981689453,214.4600067138672,214.4600067138672,808000
2021-06-14,214.1699981689453,216.7100067138672,213.77000427246094,216.6999969482422,216.6999969482422,861000
2021-06-15,217.77999877929688,217.8300018310547,216.1199951171875,216.97999572753906,216.97999572753906,831500
2021-06-16,215.47000122070312,220.27000427246094,215.13999938964844,218.85000610351562,218.85000610351562,1510500
2021-06-17,219.0,219.49000549316406,216.49000549316406,217.0,217.0,980800
2021-06-18,215.50999450683594,216.75999450683594,210.02000427246094,210.7100067138672,210.7100067138672,2980400
2021-06-21,213.25,216.13999938964844,211.3000030517578,216.00999450683594,216.00999450683594,1399100
2021-06-22,216.94000244140625,216.94000244140625,214.75,215.86000061035156,215.86000061035156,835700
2021-06-23,215.97999572753906,216.27000427246094,214.63999938964844,214.77000427246094,214.77000427246094,971100
2021-06-24,215.5800018310547,217.5,215.05999755859375,216.97999572753906,216.97999572753906,1037300
2021-06-25,217.58999633789062,218.5399932861328,216.2899932861328,218.1199951171875,218.1199951171875,934500
2021-06-28,218.77999877929688,218.8000030517578,214.32000732421875,215.22000122070312,215.22000122070312,985900
2021-06-29,215.4199981689453,216.0800018310547,213.19000244140625,213.3000030517578,213.3000030517578,1243200
2021-06-30,213.19000244140625,213.7100067138672,211.22000122070312,212.67999267578125,212.67999267578125,1403000
2021-07-01,213.4199981689453,214.38999938964844,212.2899932861328,214.1999969482422,214.1999969482422,1222800
2021-07-02,214.80999755859375,215.55999755859375,212.72999572753906,213.52000427246094,213.52000427246094,733700
2021-07-06,212.44000244140625,214.1999969482422,207.19000244140625,208.0399932861328,208.0399932861328,1470000
2021-07-07,207.74000549316406,209.0800018310547,205.41000366210938,206.9499969482422,206.9499969482422,1476300
2021-07-08,205.58999633789062,209.16000366210938,205.16000366210938,207.5500030517578,207.5500030517578,1314200
2021-07-09,207.5500030517578,209.74000549316406,207.17999267578125,209.6199951171875,209.6199951171875,1134300
2021-07-12,209.27000427246094,210.72999572753906,208.7899932861328,210.24000549316406,210.24000549316406,1072900
2021-07-13,210.24000549316406,211.67999267578125,208.72000122070312,210.42999267578125,210.42999267578125,1199500
2021-07-14,210.35000610351562,211.02999877929688,209.57000732421875,210.16000366210938,210.16000366210938,851900
2021-07-15,209.6300048828125,211.5,209.4499969482422,210.4199981689453,210.4199981689453,861000
2021-07-16,211.08999633789062,212.07000732421875,208.52000427246094,209.3300018310547,209.3300018310547,1262300
2021-07-19,204.63999938964844,207.9600067138672,204.63999938964844,206.22000122070312,206.22000122070312,1063500
2021-07-20,205.77000427246094,209.85000610351562,205.77000427246094,208.5800018310547,208.5800018310547,1128500
2021-07-21,209.4499969482422,213.3300018310547,209.0500030517578,212.0,212.0,1560600
2021-07-22,211.47999572753906,212.47000122070312,208.52999877929688,209.36000061035156,209.36000061035156,1024400
2021-07-23,211.0,212.75,210.47000122070312,211.89999389648438,211.89999389648438,844000
2021-07-26,211.41000366210938,212.0500030517578,209.58999633789062,210.42999267578125,210.42999267578125,827800
2021-07-27,210.3699951171875,214.6699981689453,209.0399932861328,211.9199981689453,211.9199981689453,1062400
2021-07-28,209.77999877929688,215.67999267578125,209.0399932861328,213.42999267578125,213.42999267578125,1124600
2021-07-29,215.88999938964844,215.9499969482422,211.74000549316406,214.6999969482422,214.6999969482422,854300
2021-07-30,214.77000427246094,215.5,211.74000549316406,212.1300048828125,212.1300048828125,979000
2021-08-02,212.13999938964844,213.83999633789062,211.0800018310547,211.5,211.5,1306700
2021-08-03,211.5,211.85000610351562,206.6699981689453,208.77000427246094,208.77000427246094,1165800
2021-08-04,207.52999877929688,209.57000732421875,206.9499969482422,208.5,208.5,2170000
2021-08-05,209.25,210.05999755859375,207.0500030517578,208.25,208.25,1314200
2021-08-06,209.6300048828125,210.8300018310547,208.67999267578125,209.83999633789062,209.83999633789062,1629300
2021-08-09,210.36000061035156,210.39999389648438,208.35000610351562,209.11000061035156,209.11000061035156,767200
2021-08-10,209.0,209.63999938964844,207.63999938964844,208.92999267578125,208.92999267578125,975000
2021-08-11,210.64999389648438,210.86000061035156,208.80999755859375,209.07000732421875,209.07000732421875,800600
2021-08-12,209.35000610351562,209.35000610351562,205.69000244140625,208.3800048828125,208.3800048828125,1123500
2021-08-13,208.0800018310547,208.22000122070312,206.47000122070312,207.02999877929688,207.02999877929688,545500
2021-08-16,206.19000244140625,207.36000061035156,204.19000244140625,207.19000244140625,207.19000244140625,727400
2021-08-17,206.83999633789062,207.49000549316406,204.11000061035156,205.38999938964844,205.38999938964844,925400
2021-08-18,204.77999877929688,205.13999938964844,196.1199951171875,197.5800018310547,197.5800018310547,6047100
2021-08-19,196.1999969482422,199.0,195.89999389648438,198.0800018310547,198.0800018310547,1443200
2021-08-20,198.9499969482422,200.89999389648438,197.8000030517578,198.36000061035156,198.36000061035156,1006500
2021-08-23,198.30999755859375,202.0800018310547,198.00999450683594,201.83999633789062,201.83999633789062,1144700
2021-08-24,202.0500030517578,202.63999938964844,199.7100067138672,200.57000732421875,200.57000732421875,807100
2021-08-25,200.27000427246094,201.44000244140625,199.50999450683594,200.2899932861328,200.2899932861328,1051700
2021-08-26,199.97999572753906,201.02000427246094,199.3000030517578,199.33999633789062,199.33999633789062,633100
2021-08-27,198.72000122070312,200.38999938964844,198.1699981689453,199.86000061035156,199.86000061035156,1022700
2021-08-30,199.50999450683594,201.60000610351562,198.72000122070312,199.2899932861328,199.2899932861328,833800
2021-08-31,199.6999969482422,201.94000244140625,199.0500030517578,201.72000122070312,201.72000122070312,1328700
2021-09-01,200.89999389648438,201.6999969482422,198.9499969482422,199.2100067138672,199.2100067138672,1490100
2021-09-02,199.32000732421875,199.89999389648438,195.85000610351562,197.6199951171875,197.6199951171875,1571800
2021-09-03,197.24000549316406,197.42999267578125,195.1300048828125,195.3000030517578,195.3000030517578,1061600
2021-09-07,194.7899932861328,195.22999572753906,192.60000610351562,193.75999450683594,193.75999450683594,1076800
2021-09-08,193.77000427246094,194.41000366210938,192.1699981689453,193.75,193.75,1122500
2021-09-09,192.32000732421875,193.30999755859375,191.7100067138672,192.4600067138672,192.4600067138672,1360300
2021-09-10,191.83999633789062,193.2100067138672,189.10000610351562,189.2100067138672,189.2100067138672,1502700
2021-09-13,191.00999450683594,191.66000366210938,187.9600067138672,189.22999572753906,189.22999572753906,1597600
2021-09-14,190.8000030517578,191.57000732421875,187.91000366210938,188.85000610351562,188.85000610351562,1170000
2021-09-15,187.9499969482422,189.27000427246094,187.0,188.9600067138672,188.9600067138672,1505500
2021-09-16,189.50999450683594,191.33999633789062,188.63999938964844,188.69000244140625,188.69000244140625,1273900
2021-09-17,188.11000061035156,189.67999267578125,187.6199951171875,188.64999389648438,188.64999389648438,1881400
2021-09-20,187.69000244140625,189.17999267578125,185.92999267578125,188.00999450683594,188.00999450683594,1389000
2021-09-21,188.63999938964844,189.32000732421875,185.7899932861328,185.83999633789062,185.83999633789062,1299500
2021-09-22,187.69000244140625,189.99000549316406,186.10000610351562,189.3300018310547,189.3300018310547,1776500
2021-09-23,190.25,194.11000061035156,190.16000366210938,193.47999572753906,193.47999572753906,1495600
2021-09-24,193.52999877929688,198.5399932861328,192.8300018310547,198.00999450683594,198.00999450683594,1889300
2021-09-27,198.4499969482422,201.75999450683594,197.50999450683594,198.42999267578125,198.42999267578125,1687800
2021-09-28,200.22000122070312,200.99000549316406,195.57000732421875,197.88999938964844,197.88999938964844,1873100
2021-09-29,197.4600067138672,198.02999877929688,195.9499969482422,196.16000366210938,196.16000366210938,1027600
2021-09-30,197.11000061035156,197.5,193.05999755859375,193.3800048828125,193.3800048828125,1392900
2021-10-01,194.27000427246094,197.24000549316406,191.61000061035156,196.58999633789062,196.58999633789062,1254400
2021-10-04,196.07000732421875,198.00999450683594,192.3699951171875,194.7100067138672,194.7100067138672,1384300
2021-10-05,193.55999755859375,199.49000549316406,193.39999389648438,198.32000732421875,198.32000732421875,989800
2021-10-06,197.25,198.83999633789062,196.52000427246094,198.72000122070312,198.72000122070312,946500
2021-10-07,200.72999572753906,202.25999450683594,199.74000549316406,202.11000061035156,202.11000061035156,1465700
2021-10-08,201.19000244140625,202.33999633789062,198.3699951171875,201.52999877929688,201.52999877929688,1170300
2021-10-11,202.6699981689453,204.3699951171875,200.94000244140625,201.32000732421875,201.32000732421875,929300
2021-10-12,201.32000732421875,203.8000030517578,200.9199981689453,202.80999755859375,202.80999755859375,1077000
2021-10-13,201.7899932861328,204.7100067138672,199.5,204.25999450683594,204.25999450683594,1540300
2021-10-14,204.4199981689453,207.22999572753906,203.2100067138672,207.0500030517578,207.0500030517578,1314500
2021-10-15,208.0,212.61000061035156,207.52000427246094,211.89999389648438,211.89999389648438,1746600
2021-10-18,211.0500030517578,214.36000061035156,210.67999267578125,213.92999267578125,213.92999267578125,1524800
2021-10-19,214.77000427246094,217.63999938964844,213.91000366210938,217.55999755859375,217.55999755859375,1663700
2021-10-20,217.7899932861328,217.7899932861328,213.05999755859375,214.1699981689453,214.1699981689453,1080400
2021-10-21,215.1199951171875,216.0,213.7100067138672,214.7899932861328,214.7899932861328,1204700
2021-10-22,215.0,218.6699981689453,214.3699951171875,217.9499969482422,217.9499969482422,1184600
2021-10-25,218.0,218.6199951171875,216.64999389648438,217.69000244140625,217.69000244140625,1021200
2021-10-26,217.75999450683594,220.42999267578125,216.64999389648438,219.27000427246094,219.27000427246094,1331900
2021-10-27,219.5,219.5399932861328,216.24000549316406,217.05999755859375,217.05999755859375,1526700
2021-10-28,216.3699951171875,219.0,215.52999877929688,218.33999633789062,218.33999633789062,1726600
2021-10-29,217.83999633789062,221.42999267578125,217.27000427246094,220.5500030517578,220.5500030517578,1318300
2021-11-01,221.64999389648438,221.64999389648438,216.5,218.3300018310547,218.3300018310547,803400
2021-11-02,218.5,221.3699951171875,217.8000030517578,220.60000610351562,220.60000610351562,984300
2021-11-03,221.17999267578125,222.4600067138672,218.6699981689453,220.44000244140625,220.44000244140625,753500
2021-11-04,230.13999938964844,230.88999938964844,219.19000244140625,220.57000732421875,220.57000732421875,1858500
2021-11-05,224.10000610351562,224.55999755859375,220.67999267578125,221.7100067138672,221.7100067138672,1364100
2021-11-08,222.85000610351562,223.27000427246094,219.5,220.6699981689453,220.6699981689453,757000
2021-11-09,220.33999633789062,221.9600067138672,219.0800018310547,221.72999572753906,221.72999572753906,753600
2021-11-10,221.75,223.85000610351562,220.1300048828125,221.0800018310547,221.0800018310547,970000
2021-11-11,221.52999877929688,222.85000610351562,220.3800048828125,222.50999450683594,222.50999450683594,1005400
2021-11-12,222.4499969482422,225.14999389648438,221.67999267578125,224.85000610351562,224.85000610351562,1630100
2021-11-15,224.42999267578125,226.8000030517578,223.99000549316406,226.67999267578125,226.67999267578125,1496700
2021-11-16,227.27000427246094,228.02000427246094,225.36000061035156,225.66000366210938,225.66000366210938,1210800
2021-11-17,225.5399932861328,227.05999755859375,223.1699981689453,226.4199981689453,226.4199981689453,1143100
2021-11-18,225.97999572753906,226.6699981689453,224.33999633789062,226.1999969482422,226.1999969482422,1128300
2021-11-19,226.1999969482422,226.33999633789062,221.99000549316406,223.30999755859375,223.30999755859375,1255500
2021-11-22,223.39999389648438,225.7100067138672,222.77999877929688,224.3300018310547,224.3300018310547,1101600
2021-11-23,222.92999267578125,228.0800018310547,222.22000122070312,227.94000244140625,227.94000244140625,1252400
2021-11-24,228.85000610351562,230.89999389648438,227.8000030517578,228.94000244140625,228.94000244140625,1244900
2021-11-26,225.0,225.92999267578125,221.11000061035156,222.16000366210938,222.16000366210938,1006500
2021-11-29,223.4600067138672,225.99000549316406,222.30999755859375,225.3300018310547,225.3300018310547,1461000
2021-11-30,223.89999389648438,224.75999450683594,218.88999938964844,220.52000427246094,220.52000427246094,2660000
2021-12-01,223.2100067138672,225.0,219.58999633789062,220.00999450683594,220.00999450683594,1406900
2021-12-02,220.4600067138672,228.2899932861328,220.4600067138672,226.5500030517578,226.5500030517578,1370000
2021-12-03,228.00999450683594,228.00999450683594,221.92999267578125,225.25999450683594,225.25999450683594,1303800
2021-12-06,226.85000610351562,227.11000061035156,223.86000061035156,224.4499969482422,224.4499969482422,1260200
2021-12-07,226.58999633789062,231.5399932861328,226.07000732421875,231.25,231.25,1410600
2021-12-08,231.1300048828125,232.63999938964844,230.22999572753906,231.97000122070312,231.97000122070312,1202900
2021-12-09,230.2100067138672,230.75999450683594,227.17999267578125,227.63999938964844,227.63999938964844,994700
2021-12-10,228.60000610351562,228.97000122070312,226.2100067138672,228.39999389648438,228.39999389648438,1046400
2021-12-13,228.16000366210938,228.9199981689453,226.25,227.89999389648438,227.89999389648438,951500
2021-12-14,227.5399932861328,229.1699981689453,225.66000366210938,227.5500030517578,227.5500030517578,1648900
2021-12-15,228.75,228.8300018310547,226.2899932861328,227.64999389648438,227.64999389648438,1431400
2021-12-16,228.60000610351562,230.0,227.1699981689453,229.08999633789062,229.08999633789062,1336400
2021-12-17,228.77000427246094,229.3699951171875,223.4499969482422,224.77999877929688,224.77999877929688,2512900
2021-12-20,222.22999572753906,222.6300048828125,218.63999938964844,221.91000366210938,221.91000366210938,859300
2021-12-21,223.9499969482422,226.08999633789062,222.85000610351562,225.1999969482422,225.1999969482422,849400
2021-12-22,225.08999633789062,227.27999877929688,224.44000244140625,227.1999969482422,227.1999969482422,704300
2021-12-23,228.36000061035156,230.3800048828125,228.2100067138672,228.9600067138672,228.9600067138672,1031600
2021-12-27,226.0,229.5800018310547,225.5800018310547,229.42999267578125,229.42999267578125,785100
2021-12-28,229.42999267578125,230.9499969482422,229.42999267578125,230.1199951171875,230.1199951171875,531500
2021-12-29,230.33999633789062,230.86000061035156,228.00999450683594,229.11000061035156,229.11000061035156,595100
2021-12-30,229.2100067138672,231.3300018310547,228.2899932861328,228.66000366210938,228.66000366210938,450900
2021-12-31,227.75999450683594,229.5,227.75999450683594,228.4600067138672,228.4600067138672,600200
2022-01-03,229.1300048828125,229.5,223.89999389648438,225.4600067138672,225.4600067138672,1317500
2022-01-04,226.72999572753906,228.52999877929688,225.27999877929688,227.27000427246094,227.27000427246094,1154000
2022-01-05,228.72999572753906,228.72999572753906,225.6199951171875,226.42999267578125,226.42999267578125,1027500
2022-01-06,227.61000061035156,227.77999877929688,224.89999389648438,225.7100067138672,225.7100067138672,943300
2022-01-07,225.11000061035156,225.74000549316406,222.2100067138672,225.0399932861328,225.0399932861328,928900
2022-01-10,224.92999267578125,225.41000366210938,220.86000061035156,222.8000030517578,222.8000030517578,855500
2022-01-11,223.22000122070312,223.5500030517578,219.6300048828125,223.44000244140625,223.44000244140625,1259300
2022-01-12,223.02999877929688,226.60000610351562,223.0,226.17999267578125,226.17999267578125,1649400
2022-01-13,227.0,229.0,223.1300048828125,223.72999572753906,223.72999572753906,2029500
2022-01-14,222.17999267578125,223.39999389648438,219.2899932861328,223.19000244140625,223.19000244140625,1596900
2022-01-18,222.30999755859375,224.0500030517578,220.32000732421875,223.5,223.5,1709000
2022-01-19,224.22999572753906,230.66000366210938,224.22999572753906,229.6199951171875,229.6199951171875,3196100
2022-01-20,231.0399932861328,234.0399932861328,230.69000244140625,231.1999969482422,231.1999969482422,2370800
2022-01-21,231.0,231.0,225.89999389648438,225.91000366210938,225.91000366210938,2261500
2022-01-24,219.6999969482422,224.74000549316406,219.19000244140625,224.25,224.25,2354700
2022-01-25,220.64999389648438,224.3000030517578,218.1199951171875,221.7899932861328,221.7899932861328,1645200
2022-01-26,222.9600067138672,223.60000610351562,217.9600067138672,220.1300048828125,220.1300048828125,2865000
2022-01-27,221.36000061035156,228.4499969482422,219.97999572753906,223.24000549316406,223.24000549316406,1935000
2022-01-28,223.9600067138672,225.8000030517578,219.10000610351562,225.75,225.75,1840000
2022-01-31,225.27999877929688,230.11000061035156,223.63999938964844,229.5,229.5,1754300
2022-02-01,229.3300018310547,232.92999267578125,228.1199951171875,232.02000427246094,232.02000427246094,1541400
2022-02-02,232.19000244140625,240.0399932861328,231.74000549316406,239.3699951171875,239.3699951171875,2092800
2022-02-03,239.00999450683594,242.3000030517578,237.5800018310547,241.07000732421875,241.07000732421875,2981100
2022-02-04,238.97999572753906,248.1999969482422,238.97999572753906,246.1699981689453,246.1699981689453,2007900
2022-02-07,246.1699981689453,246.67999267578125,242.0500030517578,242.6699981689453,242.6699981689453,1192600
2022-02-08,240.86000061035156,242.63999938964844,237.1300048828125,241.41000366210938,241.41000366210938,1938900
2022-02-09,247.1199951171875,256.94000244140625,244.25,249.50999450683594,249.50999450683594,2685400
2022-02-10,246.52000427246094,246.97000122070312,242.83999633789062,244.0500030517578,244.0500030517578,2366700
2022-02-11,244.0500030517578,244.0500030517578,238.05999755859375,241.02999877929688,241.02999877929688,2591600
2022-02-14,241.6300048828125,241.74000549316406,236.32000732421875,239.1699981689453,239.1699981689453,2065700
2022-02-15,241.05999755859375,243.14999389648438,237.72000122070312,238.83999633789062,238.83999633789062,1755400
2022-02-16,238.25999450683594,239.75999450683594,237.86000061035156,238.9199981689453,238.9199981689453,1762100
2022-02-17,238.08999633789062,241.1999969482422,235.97999572753906,238.85000610351562,238.85000610351562,1217700
2022-02-18,239.27999877929688,239.75,235.83999633789062,236.6199951171875,236.6199951171875,2356600
2022-02-22,236.6999969482422,239.97999572753906,235.92999267578125,238.3699951171875,238.3699951171875,1444500
2022-02-23,239.85000610351562,240.97999572753906,235.36000061035156,235.55999755859375,235.55999755859375,1060600
2022-02-24,229.58999633789062,238.13999938964844,229.1699981689453,237.25999450683594,237.25999450683594,2332900
2022-02-25,239.14999389648438,240.83999633789062,236.69000244140625,239.41000366210938,239.41000366210938,2016700
2022-02-28,235.75,238.19000244140625,234.75999450683594,236.52999877929688,236.52999877929688,1754500
2022-03-01,236.33999633789062,238.33999633789062,232.41000366210938,233.4499969482422,233.4499969482422,1834700
2022-03-02,236.0800018310547,238.61000061035156,235.2100067138672,236.74000549316406,236.74000549316406,1427000
2022-03-03,238.3800048828125,244.08999633789062,237.72000122070312,240.82000732421875,240.82000732421875,2164800
2022-03-04,239.13999938964844,244.63999938964844,236.52999877929688,243.77000427246094,243.77000427246094,1472900
2022-03-07,243.77000427246094,244.3699951171875,235.63999938964844,235.72999572753906,235.72999572753906,2013500
2022-03-08,235.27000427246094,235.27000427246094,222.17999267578125,222.72999572753906,222.72999572753906,2695600
2022-03-09,225.25,231.5800018310547,224.61000061035156,230.08999633789062,230.08999633789062,1642500
2022-03-10,227.22000122070312,229.3300018310547,225.22999572753906,227.9600067138672,227.9600067138672,1487100
2022-03-11,229.39999389648438,231.7100067138672,225.67999267578125,225.9600067138672,225.9600067138672,1295100
2022-03-14,227.69000244140625,232.3000030517578,225.9600067138672,229.57000732421875,229.57000732421875,1538700
2022-03-15,231.1699981689453,232.5500030517578,229.3800048828125,232.0,232.0,1188700
2022-03-16,232.75999450683594,242.1699981689453,232.75999450683594,242.00999450683594,242.00999450683594,2025300
2022-03-17,241.19000244140625,246.2899932861328,241.1300048828125,246.27999877929688,246.27999877929688,1350400
2022-03-18,249.08999633789062,251.24000549316406,246.52000427246094,249.60000610351562,249.60000610351562,2863000
2022-03-21,248.5,251.4600067138672,248.24000549316406,250.75999450683594,250.75999450683594,1442900
2022-03-22,250.75999450683594,251.99000549316406,245.72000122070312,247.99000549316406,247.99000549316406,1873300
2022-03-23,248.0,249.8800048828125,246.4600067138672,246.7899932861328,246.7899932861328,976800
2022-03-24,247.30999755859375,248.49000549316406,243.77000427246094,244.92999267578125,244.92999267578125,1793000
2022-03-25,245.5399932861328,249.3300018310547,245.5399932861328,247.72000122070312,247.72000122070312,1601800
2022-03-28,248.11000061035156,248.75,244.0500030517578,244.5800018310547,244.5800018310547,1795500
2022-03-29,245.0,245.49000549316406,238.75,240.88999938964844,240.88999938964844,2182100
2022-03-30,242.30999755859375,243.69000244140625,240.60000610351562,241.8000030517578,241.8000030517578,1586700
2022-03-31,242.5800018310547,244.8000030517578,237.8300018310547,237.86000061035156,237.86000061035156,2555900
2022-04-01,238.64999389648438,240.8699951171875,236.41000366210938,239.82000732421875,239.82000732421875,1906100
2022-04-04,240.07000732421875,240.63999938964844,233.1699981689453,234.58999633789062,234.58999633789062,1321500
2022-04-05,233.24000549316406,240.6199951171875,233.24000549316406,237.4600067138672,237.4600067138672,1227100
2022-04-06,236.55999755859375,243.72000122070312,235.99000549316406,243.4499969482422,243.4499969482422,1795900
2022-04-07,244.60000610351562,245.77000427246094,238.77000427246094,244.3000030517578,244.3000030517578,1212000
2022-04-08,245.94000244140625,247.02000427246094,242.0,242.5,242.5,1258900
2022-04-11,242.22000122070312,242.3699951171875,237.42999267578125,239.83999633789062,239.83999633789062,1302100
2022-04-12,240.02000427246094,242.66000366210938,235.0,236.02999877929688,236.02999877929688,1467800
2022-04-13,236.80999755859375,239.63999938964844,235.8000030517578,239.36000061035156,239.36000061035156,1085100
2022-04-14,239.67999267578125,240.5399932861328,237.55999755859375,237.66000366210938,237.66000366210938,834100
2022-04-18,237.27999877929688,238.82000732421875,235.08999633789062,236.24000549316406,236.24000549316406,773400
2022-04-19,237.1199951171875,237.77000427246094,231.6999969482422,234.10000610351562,234.10000610351562,1356600
2022-04-20,235.0,237.61000061035156,233.9199981689453,236.1999969482422,236.1999969482422,1591800
2022-04-21,236.61000061035156,237.4600067138672,228.14999389648438,228.3699951171875,228.3699951171875,1633500
2022-04-22,228.4199981689453,229.3000030517578,222.39999389648438,222.9199981689453,222.9199981689453,1570100
2022-04-25,221.39999389648438,222.35000610351562,217.52000427246094,221.55999755859375,221.55999755859375,2040300
2022-04-26,221.6999969482422,221.75999450683594,213.13999938964844,213.27000427246094,213.27000427246094,2122200
2022-04-27,217.49000549316406,228.4499969482422,214.77999877929688,225.92999267578125,225.92999267578125,2256500
2022-04-28,226.11000061035156,228.1199951171875,222.7100067138672,225.72000122070312,225.72000122070312,1473100
2022-04-29,224.52999877929688,225.9499969482422,218.88999938964844,219.33999633789062,219.33999633789062,1295000
2022-05-02,219.38999938964844,220.99000549316406,213.49000549316406,216.77999877929688,216.77999877929688,1463200
2022-05-03,217.55999755859375,220.49000549316406,216.8300018310547,219.16000366210938,219.16000366210938,1125300
2022-05-04,218.5,220.9600067138672,213.75,220.66000366210938,220.66000366210938,1623300
2022-05-05,219.99000549316406,219.99000549316406,211.1300048828125,213.27000427246094,213.27000427246094,1427300
2022-05-06,212.1999969482422,212.85000610351562,208.14999389648438,210.3699951171875,210.3699951171875,1296100
2022-05-09,208.8300018310547,209.24000549316406,200.66000366210938,201.60000610351562,201.60000610351562,1821200
2022-05-10,203.49000549316406,205.64999389648438,198.08999633789062,200.27000427246094,200.27000427246094,1574900
2022-05-11,200.11000061035156,202.35000610351562,197.97999572753906,198.6199951171875,198.6199951171875,1498300
2022-05-12,198.02000427246094,199.1699981689453,191.94000244140625,196.00999450683594,196.00999450683594,2572500
2022-05-13,198.1999969482422,202.32000732421875,196.08999633789062,200.10000610351562,200.10000610351562,1888600
2022-05-16,200.49000549316406,200.66000366210938,195.0399932861328,196.1699981689453,196.1699981689453,2064800
2022-05-17,198.6999969482422,199.30999755859375,194.02999877929688,196.02999877929688,196.02999877929688,1664300
2022-05-18,194.9600067138672,195.1300048828125,187.10000610351562,188.47999572753906,188.47999572753906,1832400
2022-05-19,186.7100067138672,191.36000061035156,186.19000244140625,190.14999389648438,190.14999389648438,1611300
2022-05-20,192.08999633789062,193.0,188.72999572753906,192.11000061035156,192.11000061035156,2601900
2022-05-23,194.27000427246094,194.55999755859375,191.25999450683594,191.60000610351562,191.60000610351562,1879100
2022-05-24,191.5800018310547,192.6300048828125,187.89999389648438,191.6699981689453,191.6699981689453,1226700
2022-05-25,192.92999267578125,196.75999450683594,191.08999633789062,195.42999267578125,195.42999267578125,1897900
2022-05-26,195.74000549316406,198.58999633789062,195.17999267578125,196.91000366210938,196.91000366210938,1029200
2022-05-27,198.8300018310547,199.94000244140625,197.50999450683594,199.92999267578125,199.92999267578125,1123900
2022-05-31,199.83999633789062,200.36000061035156,197.4499969482422,198.8300018310547,198.8300018310547,2286600
2022-06-01,199.1999969482422,201.0,197.74000549316406,199.3699951171875,199.3699951171875,1617600
2022-06-02,200.0,204.74000549316406,199.3699951171875,204.67999267578125,204.67999267578125,1308200
2022-06-03,201.6199951171875,203.94000244140625,199.22000122070312,200.0,200.0,1061400
2022-06-06,202.97000122070312,203.3699951171875,198.97999572753906,199.36000061035156,199.36000061035156,1228800
2022-06-07,198.72000122070312,203.0800018310547,198.6699981689453,202.75999450683594,202.75999450683594,1145100
2022-06-08,201.64999389648438,203.47000122070312,199.11000061035156,199.57000732421875,199.57000732421875,1094700
2022-06-09,199.13999938964844,201.1699981689453,197.88999938964844,197.92999267578125,197.92999267578125,1319900
2022-06-10,196.5800018310547,201.47000122070312,195.32000732421875,199.89999389648438,199.89999389648438,2471100
2022-06-13,195.9600067138672,206.11000061035156,195.27000427246094,202.99000549316406,202.99000549316406,2937900
2022-06-14,202.75999450683594,202.94000244140625,195.17999267578125,196.11000061035156,196.11000061035156,2345400
2022-06-15,197.5,203.1300048828125,196.83999633789062,200.8800048828125,200.8800048828125,1434600
2022-06-16,197.3300018310547,204.97000122070312,196.72999572753906,203.27999877929688,203.27999877929688,2167900
2022-06-17,202.72000122070312,203.25,197.1199951171875,200.52999877929688,200.52999877929688,3571600
2022-06-21,202.47000122070312,209.3000030517578,201.77999877929688,208.5,208.5,1936000
2022-06-22,206.60000610351562,210.60000610351562,205.38999938964844,208.4600067138672,208.4600067138672,1581200
2022-06-23,209.30999755859375,211.2899932861328,206.41000366210938,208.4600067138672,208.4600067138672,1217700
2022-06-24,209.1199951171875,210.3800048828125,207.00999450683594,210.0,210.0,1556100
2022-06-27,211.0800018310547,211.2899932861328,208.64999389648438,209.44000244140625,209.44000244140625,1050800
2022-06-28,209.5500030517578,212.08999633789062,205.4199981689453,206.1199951171875,206.1199951171875,1223300
2022-06-29,206.30999755859375,208.88999938964844,204.7100067138672,206.14999389648438,206.14999389648438,853500
2022-06-30,204.52000427246094,206.25999450683594,202.5399932861328,204.6999969482422,204.6999969482422,1149200
2022-07-01,203.8699951171875,204.50999450683594,200.41000366210938,204.27999877929688,204.27999877929688,1822200
2022-07-05,203.5800018310547,204.5,199.52999877929688,204.36000061035156,204.36000061035156,1066900
2022-07-06,205.80999755859375,206.9600067138672,202.9199981689453,203.9600067138672,203.9600067138672,1123700
2022-07-07,204.89999389648438,209.25999450683594,204.50999450683594,208.77999877929688,208.77999877929688,1279100
2022-07-08,207.55999755859375,211.19000244140625,207.36000061035156,208.89999389648438,208.89999389648438,1270500
2022-07-11,209.5500030517578,210.0,206.74000549316406,208.33999633789062,208.33999633789062,798400
2022-07-12,208.5399932861328,210.1699981689453,202.52999877929688,203.1699981689453,203.1699981689453,959500
2022-07-13,201.4199981689453,205.5500030517578,201.32000732421875,203.5500030517578,203.5500030517578,759600
2022-07-14,200.7899932861328,201.6699981689453,198.00999450683594,199.52999877929688,199.52999877929688,1560000
2022-07-15,200.08999633789062,202.2899932861328,198.77000427246094,201.94000244140625,201.94000244140625,1760300
2022-07-18,202.5800018310547,203.2899932861328,199.99000549316406,200.44000244140625,200.44000244140625,964700
2022-07-19,202.47000122070312,204.6999969482422,200.89999389648438,203.82000732421875,203.82000732421875,1344400
2022-07-20,205.27999877929688,206.1999969482422,202.86000061035156,204.14999389648438,204.14999389648438,1395500
2022-07-21,204.5500030517578,205.80999755859375,203.36000061035156,205.7899932861328,205.7899932861328,1036500
2022-07-22,205.42999267578125,206.5500030517578,202.9199981689453,204.47999572753906,204.47999572753906,951200
2022-07-25,204.5,205.75,203.05999755859375,204.4600067138672,204.4600067138672,1241600
2022-07-26,204.4499969482422,205.55999755859375,202.8800048828125,203.77999877929688,203.77999877929688,1186900
2022-07-27,201.7899932861328,202.74000549316406,194.22000122070312,195.99000549316406,195.99000549316406,2318900
2022-07-28,195.4499969482422,200.36000061035156,191.7100067138672,199.52000427246094,199.52000427246094,1787000
2022-07-29,198.8699951171875,200.60000610351562,197.85000610351562,199.47999572753906,199.47999572753906,1493000
2022-08-01,197.52000427246094,198.80999755859375,193.8800048828125,195.75,195.75,1498300
2022-08-02,195.91000366210938,198.8800048828125,194.94000244140625,197.52000427246094,197.52000427246094,1062200
2022-08-03,198.6999969482422,199.33999633789062,196.0800018310547,197.74000549316406,197.74000549316406,982700
2022-08-04,198.0,202.55999755859375,198.0,200.02999877929688,200.02999877929688,1080600
2022-08-05,199.97999572753906,202.2100067138672,199.39999389648438,202.14999389648438,202.14999389648438,1174800
2022-08-08,204.05999755859375,204.17999267578125,199.4199981689453,201.4600067138672,201.4600067138672,742100
2022-08-09,202.02999877929688,203.58999633789062,201.05999755859375,202.9499969482422,202.9499969482422,731500
2022-08-10,204.35000610351562,204.35000610351562,196.9199981689453,198.39999389648438,198.39999389648438,2305800
2022-08-11,198.57000732421875,201.92999267578125,197.50999450683594,199.02000427246094,199.02000427246094,1970400
2022-08-12,200.00999450683594,202.74000549316406,198.58999633789062,202.60000610351562,202.60000610351562,1445700
2022-08-15,199.97000122070312,205.25,199.97000122070312,202.2899932861328,202.2899932861328,972000
2022-08-16,201.24000549316406,205.66000366210938,200.07000732421875,205.4600067138672,205.4600067138672,1376200
2022-08-17,203.47999572753906,206.5800018310547,202.02999877929688,206.4499969482422,206.4499969482422,1451000
2022-08-18,207.10000610351562,209.24000549316406,207.0,207.9199981689453,207.9199981689453,1081000
2022-08-19,206.47000122070312,206.61000061035156,201.63999938964844,202.07000732421875,202.07000732421875,1868900
2022-08-22,201.9600067138672,204.0,199.32000732421875,199.69000244140625,199.69000244140625,1007900
2022-08-23,199.24000549316406,199.24000549316406,197.16000366210938,197.67999267578125,197.67999267578125,1092100
2022-08-24,197.99000549316406,199.5,197.1699981689453,198.89999389648438,198.89999389648438,987800
2022-08-25,199.97000122070312,201.49000549316406,197.88999938964844,199.1300048828125,199.1300048828125,815100
2022-08-26,199.5399932861328,200.42999267578125,196.17999267578125,196.35000610351562,196.35000610351562,1056400
2022-08-29,195.69000244140625,197.1300048828125,194.32000732421875,195.39999389648438,195.39999389648438,1160400
2022-08-30,197.0,197.8300018310547,193.8800048828125,195.19000244140625,195.19000244140625,1610300
2022-08-31,197.22999572753906,198.25999450683594,195.16000366210938,195.61000061035156,195.61000061035156,1769300
2022-09-01,194.5,199.52999877929688,194.02000427246094,199.4199981689453,199.4199981689453,1703100
2022-09-02,200.92999267578125,201.25999450683594,193.97999572753906,194.69000244140625,194.69000244140625,1511800
2022-09-06,195.47000122070312,199.72000122070312,194.6199951171875,198.02999877929688,198.02999877929688,1667100
2022-09-07,196.88999938964844,200.47000122070312,196.83999633789062,200.33999633789062,200.33999633789062,1236500
2022-09-08,198.7899932861328,202.47999572753906,198.5,201.97999572753906,201.97999572753906,983900
2022-09-09,201.97000122070312,201.97000122070312,199.14999389648438,201.32000732421875,201.32000732421875,1637100
2022-09-12,201.17999267578125,202.19000244140625,199.69000244140625,200.2100067138672,200.2100067138672,953800
2022-09-13,197.77000427246094,199.69000244140625,193.58999633789062,194.0800018310547,194.0800018310547,1927000
2022-09-14,195.72999572753906,195.72999572753906,189.75,191.3000030517578,191.3000030517578,1856700
2022-09-15,191.97000122070312,194.19000244140625,190.57000732421875,190.77000427246094,190.77000427246094,1416000
2022-09-16,191.1199951171875,193.82000732421875,189.94000244140625,191.55999755859375,191.55999755859375,1708800
2022-09-19,190.77000427246094,190.7899932861328,188.7100067138672,190.72000122070312,190.72000122070312,819900
2022-09-20,189.2899932861328,189.83999633789062,185.1699981689453,187.25,187.25,984100
2022-09-21,186.57000732421875,187.72000122070312,181.97000122070312,182.02999877929688,182.02999877929688,1383100
2022-09-22,183.1999969482422,184.7899932861328,181.2899932861328,183.3300018310547,183.3300018310547,1244200
2022-09-23,183.0,184.13999938964844,178.75,181.0800018310547,181.0800018310547,1265800
2022-09-26,180.39999389648438,180.9600067138672,177.8699951171875,179.97999572753906,179.97999572753906,1195900
2022-09-27,180.9499969482422,181.9600067138672,175.0800018310547,176.25999450683594,176.25999450683594,1781200
2022-09-28,176.39999389648438,180.41000366210938,175.3699951171875,179.52999877929688,179.52999877929688,1811000
2022-09-29,179.50999450683594,180.57000732421875,177.50999450683594,178.6699981689453,178.6699981689453,1623400
2022-09-30,179.16000366210938,180.91000366210938,176.9600067138672,177.1300048828125,177.1300048828125,1641600
2022-10-03,177.5800018310547,179.27000427246094,175.11000061035156,178.17999267578125,178.17999267578125,2023800
2022-10-04,179.3300018310547,182.22999572753906,177.4199981689453,182.1300048828125,182.1300048828125,2061400
2022-10-05,180.47000122070312,184.5500030517578,179.35000610351562,180.8699951171875,180.8699951171875,1424900
2022-10-06,180.8800048828125,181.5399932861328,175.44000244140625,175.64999389648438,175.64999389648438,1875700
2022-10-07,174.80999755859375,174.99000549316406,169.3300018310547,169.9199981689453,169.9199981689453,1950700
2022-10-10,170.6699981689453,171.08999633789062,168.49000549316406,169.4600067138672,169.4600067138672,2172800
2022-10-11,169.92999267578125,171.6999969482422,169.00999450683594,169.9499969482422,169.9499969482422,1696400
2022-10-12,173.11000061035156,175.82000732421875,171.49000549316406,171.7100067138672,171.7100067138672,2459200
2022-10-13,170.8800048828125,175.0500030517578,168.5,174.44000244140625,174.44000244140625,2228900
2022-10-14,174.5,175.8300018310547,171.36000061035156,171.82000732421875,171.82000732421875,1299200
2022-10-17,174.25,176.50999450683594,173.49000549316406,174.14999389648438,174.14999389648438,1492500
2022-10-18,177.0399932861328,177.07000732421875,173.8800048828125,174.25999450683594,174.25999450683594,1236600
2022-10-19,173.63999938964844,175.2899932861328,172.4600067138672,172.8000030517578,172.8000030517578,1139500
2022-10-20,171.97999572753906,173.67999267578125,169.9499969482422,170.39999389648438,170.39999389648438,1777300
2022-10-21,170.39999389648438,170.39999389648438,166.5800018310547,169.99000549316406,169.99000549316406,3395300
2022-10-24,170.4199981689453,173.52000427246094,170.02000427246094,172.00999450683594,172.00999450683594,2400700
2022-10-25,171.25999450683594,176.36000061035156,171.07000732421875,175.8000030517578,175.8000030517578,3025500
2022-10-26,176.5500030517578,178.22000122070312,171.07000732421875,171.92999267578125,171.92999267578125,2171200
2022-10-27,172.75,175.07000732421875,171.64999389648438,172.72999572753906,172.72999572753906,2033800
2022-10-28,173.8000030517578,175.55999755859375,171.67999267578125,174.75,174.75,1658300
2022-10-31,173.3699951171875,174.91000366210938,172.7899932861328,173.3000030517578,173.3000030517578,1610200
2022-11-01,174.50999450683594,175.3000030517578,172.0,173.52999877929688,173.52999877929688,1559400
2022-11-02,173.22000122070312,175.74000549316406,171.75999450683594,172.8800048828125,172.8800048828125,2564600
2022-11-03,171.1300048828125,173.3300018310547,170.8000030517578,170.9199981689453,170.9199981689453,973300
2022-11-04,171.88999938964844,172.9199981689453,169.22000122070312,170.6699981689453,170.6699981689453,2069600
2022-11-07,171.13999938964844,171.5500030517578,169.38999938964844,169.74000549316406,169.74000549316406,1738400
2022-11-08,169.75,174.16000366210938,169.25,173.1999969482422,173.1999969482422,3225800
2022-11-09,174.5399932861328,174.55999755859375,170.80999755859375,171.0,171.0,1769100
2022-11-10,175.89999389648438,175.89999389648438,171.86000061035156,174.33999633789062,174.33999633789062,2417900
2022-11-11,175.1199951171875,175.55999755859375,171.35000610351562,174.25,174.25,2723600
2022-11-14,174.0800018310547,178.63999938964844,173.82000732421875,173.89999389648438,173.89999389648438,2023700
2022-11-15,174.82000732421875,175.75999450683594,171.67999267578125,173.7899932861328,173.7899932861328,2024700
2022-11-16,174.2899932861328,176.38999938964844,173.99000549316406,174.88999938964844,174.88999938964844,2684800
2022-11-17,174.42999267578125,175.3699951171875,173.41000366210938,173.52999877929688,173.52999877929688,2399700
2022-11-18,174.0,174.33999633789062,171.16000366210938,172.5,172.5,2074100
2022-11-21,172.97000122070312,176.94000244140625,172.6999969482422,176.5,176.5,2520100
2022-11-22,177.5500030517578,177.60000610351562,174.02000427246094,174.25,174.25,1558500
2022-11-23,174.80999755859375,177.72999572753906,174.66000366210938,176.0,176.0,2087100
2022-11-25,176.44000244140625,176.74000549316406,174.0,175.0,175.0,1086700
2022-11-28,174.8000030517578,175.36000061035156,172.30999755859375,173.1300048828125,173.1300048828125,2296500
2022-11-29,173.5,175.3800048828125,172.77000427246094,174.80999755859375,174.80999755859375,2123500
2022-11-30,174.94000244140625,177.1999969482422,172.0500030517578,176.5,176.5,3865100
2022-12-01,178.2100067138672,179.4199981689453,176.97999572753906,177.89999389648438,177.89999389648438,3246400
2022-12-02,176.58999633789062,177.89999389648438,175.47000122070312,176.6300048828125,176.6300048828125,3193400
2022-12-05,176.97999572753906,180.67999267578125,175.05999755859375,180.3800048828125,180.3800048828125,2937200
2022-12-06,181.1199951171875,181.99000549316406,179.6999969482422,179.88999938964844,179.88999938964844,2485500
2022-12-07,179.35000610351562,180.50999450683594,175.35000610351562,176.0,176.0,2441100
2022-12-08,174.91000366210938,177.77000427246094,174.75,177.1999969482422,177.1999969482422,1769400
2022-12-09,177.30999755859375,179.25,177.27000427246094,178.8300018310547,178.8300018310547,2474300
2022-12-12,178.52000427246094,180.92999267578125,177.16000366210938,180.88999938964844,180.88999938964844,2438500
2022-12-13,183.3699951171875,183.4600067138672,177.6999969482422,178.1300048828125,178.1300048828125,1680400
2022-12-14,178.0,179.86000061035156,174.67999267578125,174.9199981689453,174.9199981689453,2426500
2022-12-15,173.0800018310547,173.92999267578125,171.08999633789062,172.47000122070312,172.47000122070312,1721900
2022-12-16,171.1999969482422,172.1199951171875,170.02999877929688,171.1199951171875,171.1199951171875,3124500
2022-12-19,171.38999938964844,172.0399932861328,169.50999450683594,170.67999267578125,170.67999267578125,1366900
2022-12-20,171.16000366210938,172.05999755859375,169.07000732421875,169.19000244140625,169.19000244140625,1770400
2022-12-21,170.00999450683594,172.89999389648438,169.25,172.8699951171875,172.8699951171875,1871700
2022-12-22,172.0399932861328,173.25999450683594,170.22999572753906,173.1699981689453,173.1699981689453,1900200
2022-12-23,173.2899932861328,173.85000610351562,172.35000610351562,173.3300018310547,173.3300018310547,1312000
2022-12-27,170.30999755859375,170.74000549316406,166.61000061035156,167.67999267578125,167.67999267578125,1951700
2022-12-28,168.16000366210938,169.50999450683594,167.50999450683594,167.94000244140625,167.94000244140625,1209800
2022-12-29,168.6999969482422,170.2899932861328,168.27999877929688,169.16000366210938,169.16000366210938,1351700
2022-12-30,168.08999633789062,169.25999450683594,166.9499969482422,168.16000366210938,168.16000366210938,1045300
2023-01-03,168.27000427246094,168.99000549316406,166.5500030517578,168.9499969482422,168.9499969482422,2483800
2023-01-04,169.9199981689453,170.47000122070312,168.02999877929688,170.0800018310547,170.0800018310547,2237300
2023-01-05,170.5399932861328,171.75999450683594,169.41000366210938,169.75,169.75,1501400
2023-01-06,170.5500030517578,175.63999938964844,169.22999572753906,175.08999633789062,175.08999633789062,1950700
2023-01-09,175.3300018310547,178.6699981689453,174.85000610351562,175.8000030517578,175.8000030517578,2177600
2023-01-10,176.08999633789062,178.47000122070312,176.0399932861328,177.5,177.5,1378700
2023-01-11,177.61000061035156,177.97000122070312,175.38999938964844,175.63999938964844,175.63999938964844,1396500
2023-01-12,175.0,176.83999633789062,173.05999755859375,176.7100067138672,176.7100067138672,1956600
2023-01-13,175.16000366210938,177.0399932861328,174.89999389648438,175.6199951171875,175.6199951171875,1070500
2023-01-17,176.6999969482422,177.82000732421875,175.6699981689453,175.99000549316406,175.99000549316406,1762500
2023-01-18,175.97000122070312,178.22000122070312,175.60000610351562,175.77999877929688,175.77999877929688,1877500
2023-01-19,174.97000122070312,175.83999633789062,173.6300048828125,174.27000427246094,174.27000427246094,1884700
2023-01-20,174.6300048828125,175.74000549316406,173.6300048828125,175.05999755859375,175.05999755859375,2329600
2023-01-23,176.24000549316406,176.24000549316406,173.75,174.36000061035156,174.36000061035156,1688600
2023-01-24,174.97000122070312,175.99000549316406,171.92999267578125,173.1300048828125,173.1300048828125,1551400
2023-01-25,172.0,174.4600067138672,172.0,173.3800048828125,173.3800048828125,2621500
2023-01-26,174.0800018310547,177.13999938964844,173.8699951171875,176.77000427246094,176.77000427246094,2437700
2023-01-27,176.44000244140625,176.58999633789062,174.72999572753906,175.67999267578125,175.67999267578125,1582200
2023-01-30,175.9600067138672,178.52999877929688,175.5399932861328,175.9600067138672,175.9600067138672,2075200
2023-01-31,175.8699951171875,176.6699981689453,174.16000366210938,176.66000366210938,176.66000366210938,1850300
2023-02-01,176.25999450683594,177.63999938964844,174.89999389648438,175.5399932861328,175.5399932861328,1953900
2023-02-02,176.75999450683594,178.6300048828125,175.08999633789062,176.0,176.0,2569900
2023-02-03,175.67999267578125,179.5,174.5399932861328,176.5500030517578,176.5500030517578,3078900
2023-02-06,175.55999755859375,176.25999450683594,174.02000427246094,174.75999450683594,174.75999450683594,2681500
2023-02-07,173.4199981689453,178.3699951171875,173.4199981689453,177.8000030517578,177.8000030517578,1846600
2023-02-08,178.32000732421875,188.0,178.32000732421875,187.42999267578125,187.42999267578125,2702000
2023-02-09,188.50999450683594,189.6300048828125,182.6999969482422,182.9199981689453,182.9199981689453,2252900
2023-02-10,183.0800018310547,184.57000732421875,182.4199981689453,184.10000610351562,184.10000610351562,1714800
2023-02-13,184.8800048828125,186.75999450683594,184.1199951171875,185.2100067138672,185.2100067138672,1645700
2023-02-14,186.07000732421875,187.44000244140625,184.92999267578125,186.38999938964844,186.38999938964844,1225500
2023-02-15,185.13999938964844,188.3699951171875,184.9499969482422,188.2899932861328,188.2899932861328,1144800
2023-02-16,188.2899932861328,189.42999267578125,187.2899932861328,188.5,188.5,1556400
2023-02-17,188.0800018310547,189.4199981689453,187.5800018310547,188.63999938964844,188.63999938964844,1662500
2023-02-21,187.8000030517578,188.92999267578125,186.72999572753906,187.88999938964844,187.88999938964844,1674500
2023-02-22,187.58999633789062,188.5399932861328,186.39999389648438,187.0,187.0,1336700
2023-02-23,186.75,189.13999938964844,186.14999389648438,187.10000610351562,187.10000610351562,1382800
2023-02-24,186.39999389648438,187.69000244140625,185.9199981689453,187.1699981689453,187.1699981689453,1640600
2023-02-27,188.13999938964844,188.50999450683594,183.94000244140625,184.13999938964844,184.13999938964844,1435200
2023-02-28,183.82000732421875,186.11000061035156,182.39999389648438,185.36000061035156,185.36000061035156,2140500
2023-03-01,185.0,185.47000122070312,183.16000366210938,184.22999572753906,184.22999572753906,1713800
2023-03-02,183.5,186.5500030517578,182.5,186.5,186.5,1345600
2023-03-03,186.58999633789062,188.0,184.9199981689453,185.2899932861328,185.2899932861328,1416300
2023-03-06,185.75999450683594,186.77999877929688,184.30999755859375,184.89999389648438,184.89999389648438,1455100
2023-03-07,184.80999755859375,185.02000427246094,181.1999969482422,182.22000122070312,182.22000122070312,1696800
2023-03-08,182.10000610351562,183.08999633789062,180.41000366210938,181.9199981689453,181.9199981689453,1271700
2023-03-09,181.11000061035156,181.57000732421875,176.6999969482422,177.47000122070312,177.47000122070312,1645000
2023-03-10,177.02000427246094,178.3000030517578,174.14999389648438,174.6699981689453,174.6699981689453,2024500
2023-03-13,174.00999450683594,182.52000427246094,174.00999450683594,179.7100067138672,179.7100067138672,3158700
2023-03-14,181.0800018310547,185.49000549316406,180.60000610351562,185.3699951171875,185.3699951171875,2340300
2023-03-15,182.4499969482422,185.5800018310547,180.64999389648438,182.6699981689453,182.6699981689453,2785400
2023-03-16,182.75,189.11000061035156,182.57000732421875,187.2100067138672,187.2100067138672,2176600
2023-03-17,187.2100067138672,190.24000549316406,185.27999877929688,185.97999572753906,185.97999572753906,5039500
2023-03-20,186.86000061035156,187.6999969482422,183.07000732421875,184.77999877929688,184.77999877929688,1952500
2023-03-21,185.33999633789062,186.13999938964844,181.75,182.7100067138672,182.7100067138672,2753100
2023-03-22,182.80999755859375,183.25,179.42999267578125,179.47999572753906,179.47999572753906,1861700
2023-03-23,178.8699951171875,181.89999389648438,176.50999450683594,180.02999877929688,180.02999877929688,2100100
2023-03-24,180.0500030517578,183.99000549316406,178.1199951171875,183.5500030517578,183.5500030517578,1382900
2023-03-27,185.35000610351562,185.9199981689453,183.9600067138672,185.02000427246094,185.02000427246094,2108900
2023-03-28,185.5399932861328,187.5800018310547,184.63999938964844,187.32000732421875,187.32000732421875,1629300
2023-03-29,188.0,188.69000244140625,186.16000366210938,187.0500030517578,187.0500030517578,1615400
2023-03-30,188.3000030517578,189.08999633789062,187.2899932861328,188.92999267578125,188.92999267578125,1309100
2023-03-31,188.99000549316406,192.0,188.8000030517578,191.52000427246094,191.52000427246094,2047200
2023-04-03,190.8000030517578,192.1699981689453,190.1699981689453,190.30999755859375,190.30999755859375,1669600
2023-04-04,189.61000061035156,193.47000122070312,189.61000061035156,193.0399932861328,193.0399932861328,1276900
2023-04-05,193.3800048828125,195.5,193.14999389648438,195.19000244140625,195.19000244140625,1586100
2023-04-06,195.3000030517578,196.3000030517578,193.77999877929688,195.10000610351562,195.10000610351562,1370100
2023-04-10,194.42999267578125,195.0,192.32000732421875,192.74000549316406,192.74000549316406,1003100
2023-04-11,193.13999938964844,193.67999267578125,191.02000427246094,191.5800018310547,191.5800018310547,1562200
2023-04-12,192.17999267578125,193.3800048828125,191.13999938964844,191.74000549316406,191.74000549316406,1404100
2023-04-13,191.39999389648438,192.5,189.47000122070312,189.92999267578125,189.92999267578125,1364900
2023-04-14,189.94000244140625,190.8000030517578,188.7100067138672,190.47999572753906,190.47999572753906,1175000
2023-04-17,190.27000427246094,192.39999389648438,189.07000732421875,192.1199951171875,192.1199951171875,1158700
2023-04-18,192.08999633789062,192.39999389648438,190.82000732421875,191.3800048828125,191.3800048828125,1217100
2023-04-19,191.8300018310547,193.6300048828125,190.8800048828125,192.27000427246094,192.27000427246094,1004900
2023-04-20,193.13999938964844,193.5,189.4199981689453,190.35000610351562,190.35000610351562,1131600
2023-04-21,190.02000427246094,191.27999877929688,188.30999755859375,189.72999572753906,189.72999572753906,1168900
2023-04-24,189.72999572753906,190.11000061035156,186.8699951171875,187.22000122070312,187.22000122070312,1272300
2023-04-25,186.75,188.58999633789062,186.32000732421875,187.7899932861328,187.7899932861328,1655800
2023-04-26,186.1999969482422,188.52000427246094,183.50999450683594,184.92999267578125,184.92999267578125,2170800
2023-04-27,184.75,184.8699951171875,182.64999389648438,184.41000366210938,184.41000366210938,1533400
2023-04-28,183.9499969482422,185.8699951171875,183.22000122070312,185.77000427246094,185.77000427246094,1158900
2023-05-01,185.7899932861328,187.41000366210938,185.74000549316406,186.6300048828125,186.6300048828125,1091600
2023-05-02,185.3800048828125,185.8699951171875,182.44000244140625,185.52999877929688,185.52999877929688,1181300
2023-05-03,186.33999633789062,187.11000061035156,181.14999389648438,181.3300018310547,181.3300018310547,1235200
2023-05-04,180.05999755859375,184.50999450683594,179.89999389648438,183.92999267578125,183.92999267578125,1468600
2023-05-05,184.92999267578125,186.1999969482422,183.27999877929688,185.1300048828125,185.1300048828125,984500
2023-05-08,184.75,186.19000244140625,184.1999969482422,185.69000244140625,185.69000244140625,641500
2023-05-09,185.69000244140625,186.3800048828125,184.55999755859375,184.6300048828125,184.6300048828125,722200
2023-05-10,184.8699951171875,185.88999938964844,182.9600067138672,185.30999755859375,185.30999755859375,1002800
2023-05-11,185.25,185.5500030517578,182.55999755859375,183.47999572753906,183.47999572753906,938900
2023-05-12,184.44000244140625,185.3000030517578,184.02000427246094,184.9499969482422,184.9499969482422,862500
2023-05-15,184.9499969482422,185.55999755859375,184.0,184.3699951171875,184.3699951171875,935000
2023-05-16,183.44000244140625,184.8300018310547,181.5500030517578,181.58999633789062,181.58999633789062,733100
2023-05-17,181.52000427246094,182.77000427246094,179.86000061035156,182.50999450683594,182.50999450683594,1326000
2023-05-18,182.2100067138672,182.5,180.2899932861328,181.80999755859375,181.80999755859375,940500
2023-05-19,181.58999633789062,183.22999572753906,181.0399932861328,181.82000732421875,181.82000732421875,1080800
2023-05-22,181.38999938964844,182.14999389648438,179.9499969482422,181.92999267578125,181.92999267578125,1158300
2023-05-23,181.80999755859375,182.38999938964844,178.8699951171875,179.0800018310547,179.0800018310547,1316400
2023-05-24,178.64999389648438,180.41000366210938,178.08999633789062,180.07000732421875,180.07000732421875,1345800
2023-05-25,178.99000549316406,179.14999389648438,176.5500030517578,177.02000427246094,177.02000427246094,1212600
2023-05-26,176.6999969482422,177.85000610351562,176.39999389648438,176.6699981689453,176.6699981689453,1105200
2023-05-30,176.0,178.32000732421875,175.72999572753906,178.1999969482422,178.1999969482422,1501300
2023-05-31,178.6699981689453,180.52999877929688,177.24000549316406,178.75,178.75,6501500
2023-06-01,179.25,180.4600067138672,178.55999755859375,180.02000427246094,180.02000427246094,1384000
2023-06-02,180.44000244140625,185.67999267578125,180.02000427246094,185.3000030517578,185.3000030517578,1581200
2023-06-05,186.5,189.1699981689453,185.5800018310547,186.27000427246094,186.27000427246094,1653700
2023-06-06,186.61000061035156,187.32000732421875,183.10000610351562,184.35000610351562,184.35000610351562,1408300
2023-06-07,185.07000732421875,185.07000732421875,181.94000244140625,182.5500030517578,182.5500030517578,1670800
2023-06-08,181.42999267578125,185.57000732421875,180.97999572753906,185.4499969482422,185.4499969482422,1389500
2023-06-09,185.75999450683594,186.1199951171875,184.50999450683594,184.83999633789062,184.83999633789062,831600
2023-06-12,183.25,183.25,177.5500030517578,179.35000610351562,179.35000610351562,2220200
2023-06-13,179.64999389648438,180.05999755859375,177.0399932861328,177.74000549316406,177.74000549316406,2574500
2023-06-14,177.88999938964844,181.97999572753906,177.3699951171875,181.50999450683594,181.50999450683594,1566000
2023-06-15,182.55999755859375,183.6999969482422,181.00999450683594,182.22000122070312,182.22000122070312,1454400
2023-06-16,183.0500030517578,184.92999267578125,182.77000427246094,184.11000061035156,184.11000061035156,3639600
2023-06-20,183.52000427246094,184.27999877929688,182.22000122070312,182.69000244140625,182.69000244140625,1739200
2023-06-21,182.1699981689453,183.17999267578125,180.32000732421875,181.60000610351562,181.60000610351562,1332600
2023-06-22,181.00999450683594,182.49000549316406,180.39999389648438,182.10000610351562,182.10000610351562,917400
2023-06-23,182.10000610351562,182.9600067138672,180.94000244140625,181.6699981689453,181.6699981689453,2211100
2023-06-26,180.99000549316406,181.0500030517578,177.97000122070312,178.88999938964844,178.88999938964844,1300700
2023-06-27,179.7899932861328,180.47999572753906,177.97999572753906,178.9499969482422,178.9499969482422,1442000
2023-06-28,180.5500030517578,183.24000549316406,179.44000244140625,183.13999938964844,183.13999938964844,1936600
2023-06-29,183.14999389648438,183.92999267578125,182.27999877929688,183.36000061035156,183.36000061035156,1394800
2023-06-30,183.85000610351562,186.41000366210938,183.85000610351562,185.2899932861328,185.2899932861328,1768200
2023-07-03,185.25999450683594,186.58999633789062,183.75,186.16000366210938,186.16000366210938,481200
2023-07-05,185.5,185.52999877929688,181.9499969482422,183.85000610351562,183.85000610351562,1362600
2023-07-06,183.67999267578125,184.0,182.36000061035156,183.25,183.25,1458200
2023-07-07,182.91000366210938,183.72999572753906,181.83999633789062,181.9499969482422,181.9499969482422,906000
2023-07-10,182.47999572753906,182.82000732421875,181.1300048828125,181.3000030517578,181.3000030517578,1253800
2023-07-11,181.6999969482422,182.42999267578125,180.89999389648438,182.3300018310547,182.3300018310547,968700
2023-07-12,181.89999389648438,182.1999969482422,180.11000061035156,181.30999755859375,181.30999755859375,1331300
2023-07-13,181.02999877929688,183.6699981689453,180.8800048828125,183.22000122070312,183.22000122070312,1931700
2023-07-14,183.77000427246094,186.75,183.1199951171875,186.1300048828125,186.1300048828125,1635800
2023-07-17,186.0,187.4499969482422,185.0399932861328,185.25,185.25,1436000
2023-07-18,185.44000244140625,187.1999969482422,184.9600067138672,187.0500030517578,187.0500030517578,1194500
2023-07-19,187.6999969482422,189.91000366210938,186.27000427246094,186.3800048828125,186.3800048828125,1910400
2023-07-20,186.3800048828125,188.25,186.11000061035156,187.41000366210938,187.41000366210938,945600
2023-07-21,187.58999633789062,189.30999755859375,186.38999938964844,189.25999450683594,189.25999450683594,1172100
2023-07-24,189.25,191.24000549316406,188.36000061035156,191.0399932861328,191.0399932861328,1300000
2023-07-25,191.0,191.36000061035156,189.86000061035156,191.22000122070312,191.22000122070312,1368700
2023-07-26,192.1300048828125,199.4600067138672,191.44000244140625,198.75,198.75,2619000
2023-07-27,199.8000030517578,202.36000061035156,197.86000061035156,198.66000366210938,198.66000366210938,2198200
2023-07-28,199.91000366210938,200.80999755859375,198.91000366210938,199.4199981689453,199.4199981689453,1151100
2023-07-31,199.80999755859375,200.0,198.0800018310547,198.9600067138672,198.9600067138672,1465200
2023-08-01,199.30999755859375,200.27000427246094,198.5,199.8300018310547,199.8300018310547,1162800
2023-08-02,199.52000427246094,200.5800018310547,198.82000732421875,199.6699981689453,199.6699981689453,999700
2023-08-03,199.1300048828125,203.25999450683594,198.00999450683594,202.83999633789062,202.83999633789062,1650800
2023-08-04,206.0800018310547,208.4199981689453,204.5,206.84500122070312,206.84500122070312,1570379
