Date,Open,High,Low,Close,Adj Close,Volume
2019-05-23 00:00:00-04:00,19.8700008392334,19.8700008392334,19.059999465942383,19.270000457763672,17.90293312072754,75600
2019-05-24 00:00:00-04:00,19.43000030517578,19.540000915527344,19.200000762939453,19.469999313354492,18.0887451171875,40400
2019-05-28 00:00:00-04:00,19.510000228881836,19.690000534057617,19.43000030517578,19.520000457763672,18.13520050048828,51500
2019-05-29 00:00:00-04:00,19.3799991607666,19.3799991607666,18.850000381469727,18.93000030517578,17.587055206298828,41700
2019-05-30 00:00:00-04:00,18.889999389648438,19.200000762939453,18.280000686645508,18.489999771118164,17.178274154663086,61800
2019-05-31 00:00:00-04:00,18.25,18.3700008392334,18.010000228881836,18.280000686645508,16.983171463012695,63600
2019-06-03 00:00:00-04:00,18.309999465942383,18.940000534057617,18.309999465942383,18.920000076293945,17.577768325805664,87100
2019-06-04 00:00:00-04:00,19.110000610351562,19.670000076293945,19.020000457763672,19.649999618530273,18.2559757232666,50200
2019-06-05 00:00:00-04:00,19.68000030517578,19.68000030517578,18.979999542236328,19.1299991607666,17.772865295410156,48600
2019-06-06 00:00:00-04:00,19.100000381469727,19.100000381469727,18.3799991607666,18.65999984741211,17.336210250854492,40600
2019-06-07 00:00:00-04:00,18.729999542236328,18.950000762939453,18.610000610351562,18.81999969482422,17.4848575592041,40000
2019-06-10 00:00:00-04:00,18.90999984741211,19.420000076293945,18.860000610351562,19.0,17.652090072631836,52200
2019-06-11 00:00:00-04:00,19.209999084472656,19.209999084472656,18.65999984741211,18.829999923706055,17.494150161743164,61700
2019-06-12 00:00:00-04:00,18.829999923706055,19.059999465942383,18.600000381469727,18.940000534057617,17.596345901489258,52900
2019-06-13 00:00:00-04:00,18.989999771118164,19.40999984741211,18.989999771118164,19.149999618530273,17.819673538208008,130200
2019-06-14 00:00:00-04:00,19.190000534057617,19.190000534057617,18.479999542236328,18.760000228881836,17.456769943237305,87000
2019-06-17 00:00:00-04:00,18.739999771118164,18.790000915527344,18.190000534057617,18.450000762939453,17.16830062866211,83400
2019-06-18 00:00:00-04:00,18.649999618530273,19.290000915527344,18.649999618530273,19.079999923706055,17.75453758239746,94100
2019-06-19 00:00:00-04:00,18.989999771118164,19.389999389648438,18.950000762939453,19.149999618530273,17.819673538208008,53600
2019-06-20 00:00:00-04:00,19.389999389648438,19.540000915527344,19.06999969482422,19.239999771118164,17.90342140197754,39600
2019-06-21 00:00:00-04:00,19.100000381469727,19.559999465942383,18.59000015258789,19.06999969482422,17.745227813720703,224600
2019-06-24 00:00:00-04:00,19.049999237060547,19.43000030517578,18.989999771118164,19.059999465942383,17.735923767089844,63800
2019-06-25 00:00:00-04:00,19.049999237060547,19.34000015258789,18.860000610351562,19.280000686645508,17.940643310546875,71200
2019-06-26 00:00:00-04:00,19.290000915527344,19.940000534057617,19.290000915527344,19.780000686645508,18.405906677246094,72700
2019-06-27 00:00:00-04:00,19.84000015258789,20.459999084472656,19.799999237060547,20.459999084472656,19.03866958618164,88300
2019-06-28 00:00:00-04:00,20.520000457763672,21.15999984741211,20.469999313354492,20.81999969482422,19.373661041259766,669300
2019-07-01 00:00:00-04:00,21.030000686645508,21.260000228881836,20.8700008392334,21.1200008392334,19.652820587158203,112300
2019-07-02 00:00:00-04:00,21.1299991607666,21.190000534057617,20.84000015258789,21.149999618530273,19.68073844909668,68800
2019-07-03 00:00:00-04:00,21.1200008392334,21.329999923706055,21.0,21.270000457763672,19.792400360107422,35200
2019-07-05 00:00:00-04:00,21.3700008392334,21.5,21.15999984741211,21.389999389648438,19.904062271118164,66600
2019-07-08 00:00:00-04:00,21.25,21.450000762939453,21.040000915527344,21.309999465942383,19.829622268676758,80900
2019-07-09 00:00:00-04:00,21.139999389648438,21.3700008392334,21.049999237060547,21.309999465942383,19.829622268676758,61000
2019-07-10 00:00:00-04:00,21.43000030517578,21.709999084472656,21.209999084472656,21.290000915527344,19.811012268066406,91800
2019-07-11 00:00:00-04:00,21.260000228881836,21.40999984741211,21.06999969482422,21.299999237060547,19.820316314697266,134500
2019-07-12 00:00:00-04:00,21.229999542236328,21.540000915527344,21.170000076293945,21.3799991607666,19.894758224487305,132200
2019-07-15 00:00:00-04:00,21.520000457763672,21.520000457763672,20.950000762939453,21.239999771118164,19.764482498168945,99300
2019-07-16 00:00:00-04:00,21.15999984741211,21.6299991607666,21.010000228881836,21.440000534057617,19.950592041015625,116800
2019-07-17 00:00:00-04:00,21.329999923706055,21.510000228881836,20.75,20.989999771118164,19.531848907470703,119900
2019-07-18 00:00:00-04:00,17.790000915527344,19.770000457763672,17.790000915527344,18.729999542236328,17.428850173950195,256400
2019-07-19 00:00:00-04:00,18.6200008392334,19.239999771118164,18.6200008392334,19.0,17.68009376525879,141300
2019-07-22 00:00:00-04:00,19.329999923706055,19.600000381469727,18.989999771118164,19.15999984741211,17.828981399536133,121000
2019-07-23 00:00:00-04:00,19.010000228881836,19.479999542236328,19.010000228881836,19.360000610351562,18.015085220336914,90200
2019-07-24 00:00:00-04:00,19.149999618530273,20.559999465942383,19.149999618530273,20.489999771118164,19.066585540771484,111900
2019-07-25 00:00:00-04:00,20.40999984741211,20.579999923706055,19.709999084472656,19.729999542236328,18.3593807220459,63700
2019-07-26 00:00:00-04:00,19.600000381469727,20.149999618530273,19.510000228881836,20.049999237060547,18.657150268554688,72000
2019-07-29 00:00:00-04:00,19.989999771118164,20.1299991607666,19.510000228881836,19.579999923706055,18.219804763793945,61800
2019-07-30 00:00:00-04:00,19.549999237060547,19.93000030517578,19.290000915527344,19.860000610351562,18.4803524017334,59000
2019-07-31 00:00:00-04:00,19.850000381469727,20.1299991607666,19.440000534057617,19.510000228881836,18.154664993286133,149800
2019-08-01 00:00:00-04:00,19.459999084472656,19.799999237060547,19.239999771118164,19.579999923706055,18.219804763793945,108300
2019-08-02 00:00:00-04:00,19.420000076293945,19.670000076293945,19.010000228881836,19.56999969482422,18.210494995117188,75900
2019-08-05 00:00:00-04:00,19.229999542236328,19.229999542236328,18.510000228881836,18.850000381469727,17.540515899658203,83100
2019-08-06 00:00:00-04:00,18.940000534057617,19.459999084472656,18.649999618530273,18.93000030517578,17.61495590209961,46900
2019-08-07 00:00:00-04:00,18.610000610351562,18.700000762939453,18.15999984741211,18.540000915527344,17.252052307128906,47800
2019-08-08 00:00:00-04:00,18.639999389648438,18.81999969482422,18.459999084472656,18.770000457763672,17.466073989868164,78500
2019-08-09 00:00:00-04:00,18.649999618530273,18.75,18.270000457763672,18.309999465942383,17.038026809692383,58400
2019-08-12 00:00:00-04:00,18.239999771118164,18.520000457763672,18.079999923706055,18.25,16.982196807861328,38300
2019-08-13 00:00:00-04:00,18.209999084472656,18.719999313354492,18.15999984741211,18.360000610351562,17.08455467224121,51400
2019-08-14 00:00:00-04:00,17.93000030517578,18.0,17.6200008392334,17.81999969482422,16.58206558227539,62300
2019-08-15 00:00:00-04:00,17.8700008392334,17.889999389648438,17.56999969482422,17.780000686645508,16.54484748840332,55600
2019-08-16 00:00:00-04:00,17.889999389648438,18.739999771118164,17.889999389648438,18.670000076293945,17.373018264770508,101700
2019-08-19 00:00:00-04:00,18.899999618530273,19.329999923706055,18.760000228881836,18.81999969482422,17.512596130371094,40000
2019-08-20 00:00:00-04:00,18.790000915527344,18.889999389648438,18.59000015258789,18.65999984741211,17.363712310791016,53000
2019-08-21 00:00:00-04:00,18.90999984741211,18.90999984741211,18.59000015258789,18.780000686645508,17.475378036499023,44300
2019-08-22 00:00:00-04:00,18.8700008392334,19.290000915527344,18.790000915527344,18.940000534057617,17.6242618560791,56400
2019-08-23 00:00:00-04:00,18.770000457763672,18.940000534057617,18.079999923706055,18.200000762939453,16.9356689453125,53900
2019-08-26 00:00:00-04:00,18.399999618530273,18.639999389648438,18.219999313354492,18.399999618530273,17.12177276611328,46100
2019-08-27 00:00:00-04:00,18.5,18.520000457763672,17.760000228881836,17.90999984741211,16.665815353393555,48300
2019-08-28 00:00:00-04:00,17.84000015258789,18.5,17.799999237060547,18.31999969482422,17.047330856323242,27600
2019-08-29 00:00:00-04:00,18.40999984741211,18.90999984741211,18.40999984741211,18.860000610351562,17.549819946289062,40000
2019-08-30 00:00:00-04:00,18.940000534057617,18.989999771118164,18.469999313354492,18.700000762939453,17.40093421936035,31900
2019-09-03 00:00:00-04:00,18.420000076293945,18.420000076293945,17.760000228881836,18.100000381469727,16.842618942260742,77300
2019-09-04 00:00:00-04:00,18.299999237060547,18.479999542236328,18.100000381469727,18.299999237060547,17.02872085571289,34100
2019-09-05 00:00:00-04:00,18.559999465942383,19.170000076293945,18.489999771118164,18.760000228881836,17.456769943237305,94600
2019-09-06 00:00:00-04:00,18.81999969482422,19.190000534057617,18.780000686645508,18.8700008392334,17.559125900268555,31200
2019-09-09 00:00:00-04:00,18.84000015258789,19.440000534057617,18.84000015258789,19.200000762939453,17.866199493408203,92100
2019-09-10 00:00:00-04:00,19.170000076293945,20.219999313354492,19.049999237060547,20.200000762939453,18.79673194885254,68200
2019-09-11 00:00:00-04:00,20.280000686645508,21.360000610351562,19.829999923706055,21.260000228881836,19.78309440612793,76100
2019-09-12 00:00:00-04:00,21.34000015258789,22.280000686645508,21.049999237060547,22.049999237060547,20.54720687866211,84100
2019-09-13 00:00:00-04:00,22.059999465942383,22.389999389648438,21.790000915527344,22.170000076293945,20.659029006958008,117700
2019-09-16 00:00:00-04:00,22.229999542236328,22.510000228881836,21.649999618530273,22.43000030517578,20.90130615234375,69200
2019-09-17 00:00:00-04:00,22.190000534057617,22.479999542236328,21.700000762939453,22.329999923706055,20.808124542236328,93000
2019-09-18 00:00:00-04:00,22.329999923706055,22.3700008392334,21.90999984741211,22.18000030517578,20.668350219726562,65600
2019-09-19 00:00:00-04:00,22.110000610351562,22.280000686645508,21.489999771118164,21.520000457763672,20.053329467773438,109000
2019-09-20 00:00:00-04:00,21.479999542236328,21.59000015258789,20.81999969482422,20.989999771118164,19.559450149536133,179800
2019-09-23 00:00:00-04:00,20.979999542236328,21.0,20.670000076293945,20.889999389648438,19.466266632080078,50000
2019-09-24 00:00:00-04:00,20.84000015258789,21.0,20.459999084472656,20.649999618530273,19.24262237548828,79000
2019-09-25 00:00:00-04:00,20.670000076293945,21.170000076293945,20.489999771118164,21.100000381469727,19.66195297241211,65300
2019-09-26 00:00:00-04:00,21.09000015258789,21.100000381469727,20.68000030517578,20.709999084472656,19.298532485961914,34800
2019-09-27 00:00:00-04:00,20.770000457763672,21.030000686645508,20.6299991607666,20.709999084472656,19.298532485961914,60000
2019-09-30 00:00:00-04:00,20.700000762939453,20.809999465942383,20.450000762939453,20.530000686645508,19.130802154541016,81900
2019-10-01 00:00:00-04:00,20.530000686645508,20.920000076293945,19.799999237060547,19.90999984741211,18.553058624267578,59700
2019-10-02 00:00:00-04:00,19.59000015258789,19.719999313354492,19.34000015258789,19.600000381469727,18.264184951782227,55100
2019-10-03 00:00:00-04:00,19.610000610351562,19.610000610351562,19.059999465942383,19.3700008392334,18.049861907958984,42200
2019-10-04 00:00:00-04:00,19.350000381469727,19.600000381469727,19.209999084472656,19.56999969482422,18.236228942871094,32900
2019-10-07 00:00:00-04:00,19.489999771118164,19.709999084472656,19.270000457763672,19.479999542236328,18.152362823486328,44900
2019-10-08 00:00:00-04:00,19.260000228881836,19.520000457763672,19.149999618530273,19.31999969482422,18.00326919555664,51300
2019-10-09 00:00:00-04:00,19.59000015258789,19.6200008392334,19.360000610351562,19.399999618530273,18.077817916870117,29700
2019-10-10 00:00:00-04:00,19.479999542236328,19.81999969482422,19.479999542236328,19.709999084472656,18.366687774658203,32900
2019-10-11 00:00:00-04:00,19.950000762939453,20.6200008392334,19.950000762939453,20.170000076293945,18.795337677001953,82900
2019-10-14 00:00:00-04:00,19.920000076293945,19.979999542236328,19.610000610351562,19.850000381469727,18.49714469909668,42700
2019-10-15 00:00:00-04:00,19.799999237060547,20.309999465942383,19.719999313354492,20.170000076293945,18.795337677001953,46200
2019-10-16 00:00:00-04:00,20.219999313354492,20.780000686645508,19.969999313354492,20.0,18.636924743652344,58400
2019-10-17 00:00:00-04:00,19.200000762939453,19.34000015258789,17.489999771118164,18.690000534057617,17.41620635986328,304500
2019-10-18 00:00:00-04:00,18.670000076293945,20.059999465942383,18.670000076293945,19.5,18.171001434326172,156500
2019-10-21 00:00:00-04:00,20.049999237060547,20.920000076293945,20.0,20.450000762939453,19.05625343322754,124700
2019-10-22 00:00:00-04:00,20.3700008392334,20.3700008392334,19.940000534057617,20.0,18.636924743652344,129400
2019-10-23 00:00:00-04:00,19.899999618530273,20.3799991607666,19.709999084472656,19.989999771118164,18.627605438232422,95800
2019-10-24 00:00:00-04:00,19.8799991607666,19.959999084472656,19.049999237060547,19.049999237060547,17.75166893005371,65900
2019-10-25 00:00:00-04:00,19.0,19.84000015258789,19.0,19.440000534057617,18.115089416503906,77300
2019-10-28 00:00:00-04:00,19.56999969482422,20.18000030517578,19.510000228881836,19.790000915527344,18.44123649597168,101500
2019-10-29 00:00:00-04:00,19.799999237060547,19.81999969482422,19.540000915527344,19.600000381469727,18.264184951782227,81400
2019-10-30 00:00:00-04:00,19.520000457763672,19.760000228881836,19.260000228881836,19.579999923706055,18.245548248291016,52000
2019-10-31 00:00:00-04:00,19.43000030517578,19.43000030517578,18.989999771118164,19.06999969482422,17.77030372619629,81900
2019-11-01 00:00:00-04:00,19.209999084472656,19.690000534057617,19.209999084472656,19.68000030517578,18.338733673095703,40800
2019-11-04 00:00:00-05:00,19.829999923706055,20.65999984741211,19.829999923706055,20.649999618530273,19.24262237548828,76500
2019-11-05 00:00:00-05:00,20.6200008392334,20.969999313354492,20.1299991607666,20.18000030517578,18.804656982421875,100800
2019-11-06 00:00:00-05:00,20.290000915527344,20.59000015258789,19.920000076293945,20.540000915527344,19.140121459960938,109800
2019-11-07 00:00:00-05:00,20.799999237060547,21.15999984741211,20.639999389648438,21.030000686645508,19.59672737121582,64500
2019-11-08 00:00:00-05:00,20.979999542236328,21.299999237060547,20.709999084472656,21.270000457763672,19.82036781311035,49500
2019-11-11 00:00:00-05:00,20.959999084472656,21.469999313354492,20.75,21.43000030517578,19.969465255737305,57900
2019-11-12 00:00:00-05:00,21.489999771118164,22.299999237060547,21.420000076293945,22.15999984741211,20.649709701538086,115800
2019-11-13 00:00:00-05:00,21.940000534057617,22.229999542236328,21.65999984741211,21.719999313354492,20.23969841003418,77900
2019-11-14 00:00:00-05:00,21.610000610351562,22.270000457763672,21.59000015258789,21.690000534057617,20.211746215820312,67200
2019-11-15 00:00:00-05:00,21.959999084472656,21.959999084472656,21.170000076293945,21.350000381469727,19.894916534423828,56000
2019-11-18 00:00:00-05:00,21.31999969482422,21.40999984741211,20.93000030517578,21.309999465942383,19.857643127441406,41800
2019-11-19 00:00:00-05:00,21.360000610351562,21.479999542236328,20.950000762939453,21.260000228881836,19.81104850769043,42100
2019-11-20 00:00:00-05:00,21.059999465942383,21.479999542236328,20.989999771118164,21.329999923706055,19.876279830932617,96500
2019-11-21 00:00:00-05:00,21.389999389648438,21.6200008392334,21.299999237060547,21.360000610351562,19.904233932495117,33200
2019-11-22 00:00:00-05:00,21.469999313354492,21.600000381469727,21.020000457763672,21.309999465942383,19.857643127441406,61800
2019-11-25 00:00:00-05:00,21.530000686645508,22.299999237060547,21.18000030517578,22.270000457763672,20.752214431762695,111700
2019-11-26 00:00:00-05:00,22.3700008392334,22.540000915527344,21.90999984741211,21.90999984741211,20.416748046875,56600
2019-11-27 00:00:00-05:00,22.149999618530273,22.649999618530273,21.93000030517578,22.479999542236328,20.947900772094727,68500
2019-11-29 00:00:00-05:00,22.579999923706055,23.40999984741211,22.200000762939453,23.329999923706055,21.739973068237305,47800
2019-12-02 00:00:00-05:00,23.25,23.530000686645508,22.270000457763672,22.40999984741211,20.882671356201172,148600
2019-12-03 00:00:00-05:00,22.15999984741211,22.860000610351562,22.15999984741211,22.510000228881836,20.97585678100586,77700
2019-12-04 00:00:00-05:00,22.5,22.950000762939453,22.110000610351562,22.270000457763672,20.752214431762695,108100
2019-12-05 00:00:00-05:00,22.200000762939453,22.5,22.0,22.209999084472656,20.696300506591797,121200
2019-12-06 00:00:00-05:00,22.579999923706055,22.6299991607666,22.25,22.5,20.96653938293457,108700
2019-12-09 00:00:00-05:00,22.450000762939453,22.68000030517578,22.030000686645508,22.260000228881836,20.742895126342773,100200
2019-12-10 00:00:00-05:00,22.25,22.559999465942383,22.170000076293945,22.290000915527344,20.770854949951172,80500
2019-12-11 00:00:00-05:00,22.290000915527344,22.68000030517578,22.270000457763672,22.520000457763672,20.98517608642578,72700
2019-12-12 00:00:00-05:00,22.450000762939453,23.309999465942383,22.450000762939453,22.959999084472656,21.395187377929688,93900
2019-12-13 00:00:00-05:00,22.829999923706055,23.040000915527344,22.56999969482422,22.8700008392334,21.339204788208008,76800
2019-12-16 00:00:00-05:00,22.989999771118164,23.450000762939453,22.940000534057617,23.049999237060547,21.507156372070312,104600
2019-12-17 00:00:00-05:00,23.030000686645508,23.799999237060547,22.940000534057617,23.760000228881836,22.169633865356445,142000
2019-12-18 00:00:00-05:00,23.760000228881836,23.989999771118164,23.3700008392334,23.850000381469727,22.25360870361328,189900
2019-12-19 00:00:00-05:00,23.850000381469727,24.06999969482422,23.559999465942383,24.020000457763672,22.412229537963867,63000
2019-12-20 00:00:00-05:00,23.989999771118164,23.989999771118164,21.100000381469727,21.700000762939453,20.24751853942871,564700
2019-12-23 00:00:00-05:00,21.639999389648438,22.43000030517578,21.270000457763672,21.989999771118164,20.518104553222656,104700
2019-12-24 00:00:00-05:00,21.989999771118164,22.0,21.559999465942383,21.889999389648438,20.4247989654541,29600
2019-12-26 00:00:00-05:00,21.959999084472656,22.190000534057617,21.790000915527344,22.020000457763672,20.546098709106445,47600
2019-12-27 00:00:00-05:00,22.030000686645508,22.1200008392334,21.670000076293945,21.770000457763672,20.312829971313477,31800
2019-12-30 00:00:00-05:00,21.829999923706055,21.829999923706055,21.350000381469727,21.600000381469727,20.154211044311523,46700
2019-12-31 00:00:00-05:00,21.579999923706055,21.790000915527344,21.459999084472656,21.489999771118164,20.051572799682617,65300
2020-01-02 00:00:00-05:00,21.719999313354492,21.81999969482422,20.950000762939453,21.299999237060547,19.874292373657227,67200
2020-01-03 00:00:00-05:00,20.90999984741211,21.6200008392334,20.90999984741211,21.43000030517578,19.995588302612305,115400
2020-01-06 00:00:00-05:00,21.309999465942383,21.600000381469727,20.989999771118164,21.510000228881836,20.070234298706055,57100
2020-01-07 00:00:00-05:00,21.3799991607666,21.469999313354492,21.09000015258789,21.229999542236328,19.808977127075195,119500
2020-01-08 00:00:00-05:00,21.229999542236328,21.469999313354492,21.15999984741211,21.360000610351562,19.930274963378906,68300
2020-01-09 00:00:00-05:00,21.360000610351562,21.729999542236328,21.280000686645508,21.399999618530273,19.96759796142578,95400
2020-01-10 00:00:00-05:00,21.350000381469727,21.600000381469727,21.239999771118164,21.299999237060547,19.874292373657227,89500
2020-01-13 00:00:00-05:00,21.299999237060547,21.649999618530273,21.200000762939453,21.6200008392334,20.172874450683594,85900
2020-01-14 00:00:00-05:00,21.469999313354492,21.90999984741211,21.420000076293945,21.639999389648438,20.191532135009766,65700
2020-01-15 00:00:00-05:00,21.469999313354492,21.799999237060547,21.299999237060547,21.670000076293945,20.219524383544922,140700
2020-01-16 00:00:00-05:00,25.299999237060547,25.549999237060547,23.290000915527344,24.31999969482422,22.692148208618164,554800
2020-01-17 00:00:00-05:00,24.43000030517578,26.610000610351562,24.40999984741211,26.010000228881836,24.269027709960938,350000
2020-01-21 00:00:00-05:00,26.1299991607666,26.270000457763672,25.229999542236328,25.950000762939453,24.213045120239258,230500
2020-01-22 00:00:00-05:00,25.280000686645508,25.920000076293945,25.06999969482422,25.1299991607666,23.447933197021484,292100
2020-01-23 00:00:00-05:00,24.8799991607666,25.520000457763672,24.700000762939453,25.280000686645508,23.587890625,159500
2020-01-24 00:00:00-05:00,25.190000534057617,25.200000762939453,23.799999237060547,23.889999389648438,22.290931701660156,90900
2020-01-27 00:00:00-05:00,23.200000762939453,24.239999771118164,23.190000534057617,23.540000915527344,21.964359283447266,134700
2020-01-28 00:00:00-05:00,23.690000534057617,23.8700008392334,23.510000228881836,23.530000686645508,21.955028533935547,89700
2020-01-29 00:00:00-05:00,23.639999389648438,23.989999771118164,22.84000015258789,22.8799991607666,21.348533630371094,111400
2020-01-30 00:00:00-05:00,22.600000381469727,23.06999969482422,22.440000534057617,22.950000762939453,21.413846969604492,72600
2020-01-31 00:00:00-05:00,22.829999923706055,23.149999618530273,22.309999465942383,22.3700008392334,20.872671127319336,97200
2020-02-03 00:00:00-05:00,22.639999389648438,22.649999618530273,22.260000228881836,22.3799991607666,20.881999969482422,70700
2020-02-04 00:00:00-05:00,22.850000381469727,22.850000381469727,22.299999237060547,22.350000381469727,20.8540096282959,69200
2020-02-05 00:00:00-05:00,22.68000030517578,22.75,22.31999969482422,22.739999771118164,21.217905044555664,61900
2020-02-06 00:00:00-05:00,22.799999237060547,22.799999237060547,22.43000030517578,22.459999084472656,20.956645965576172,66100
2020-02-07 00:00:00-05:00,22.260000228881836,22.299999237060547,21.950000762939453,22.049999237060547,20.57408905029297,45800
2020-02-10 00:00:00-05:00,22.010000228881836,22.010000228881836,21.670000076293945,21.700000762939453,20.24751853942871,54300
2020-02-11 00:00:00-05:00,21.940000534057617,22.450000762939453,21.600000381469727,22.09000015258789,20.61141586303711,54200
2020-02-12 00:00:00-05:00,22.360000610351562,22.459999084472656,21.90999984741211,22.09000015258789,20.61141586303711,47800
2020-02-13 00:00:00-05:00,22.049999237060547,22.209999084472656,21.610000610351562,21.850000381469727,20.38747787475586,32700
2020-02-14 00:00:00-05:00,21.889999389648438,22.299999237060547,21.639999389648438,22.209999084472656,20.72338104248047,61700
2020-02-18 00:00:00-05:00,22.209999084472656,22.209999084472656,21.649999618530273,21.93000030517578,20.462121963500977,38800
2020-02-19 00:00:00-05:00,21.969999313354492,22.479999542236328,21.850000381469727,22.200000762939453,20.71405029296875,50600
2020-02-20 00:00:00-05:00,22.15999984741211,22.649999618530273,22.15999984741211,22.579999923706055,21.06861686706543,43300
2020-02-21 00:00:00-05:00,22.5,22.5,21.93000030517578,22.31999969482422,20.826019287109375,40300
2020-02-24 00:00:00-05:00,21.40999984741211,22.049999237060547,21.100000381469727,21.899999618530273,20.434127807617188,75500
2020-02-25 00:00:00-05:00,21.90999984741211,21.959999084472656,21.440000534057617,21.450000762939453,20.014251708984375,192000
2020-02-26 00:00:00-05:00,21.56999969482422,21.739999771118164,20.8700008392334,20.940000534057617,19.538389205932617,178700
2020-02-27 00:00:00-05:00,20.510000228881836,21.270000457763672,20.09000015258789,20.40999984741211,19.04386329650879,134000
2020-02-28 00:00:00-05:00,19.75,20.25,19.510000228881836,19.889999389648438,18.55866813659668,108200
2020-03-02 00:00:00-05:00,19.899999618530273,20.610000610351562,19.450000762939453,20.540000915527344,19.165163040161133,137900
2020-03-03 00:00:00-05:00,20.459999084472656,20.780000686645508,19.440000534057617,19.549999237060547,18.24142837524414,147200
2020-03-04 00:00:00-05:00,19.93000030517578,20.100000381469727,19.3700008392334,20.040000915527344,18.698631286621094,74400
2020-03-05 00:00:00-05:00,19.5,19.719999313354492,19.100000381469727,19.469999313354492,18.16678237915039,141100
2020-03-06 00:00:00-05:00,18.719999313354492,19.440000534057617,18.459999084472656,19.100000381469727,17.821548461914062,94100
2020-03-09 00:00:00-04:00,17.719999313354492,18.34000015258789,17.100000381469727,18.1299991607666,16.916475296020508,122100
2020-03-10 00:00:00-04:00,18.68000030517578,18.68000030517578,17.09000015258789,17.6299991607666,16.449941635131836,81700
2020-03-11 00:00:00-04:00,17.219999313354492,17.329999923706055,15.829999923706055,16.100000381469727,15.02235221862793,74700
2020-03-12 00:00:00-04:00,14.84000015258789,15.220000267028809,12.84000015258789,13.029999732971191,12.180538177490234,87700
2020-03-13 00:00:00-04:00,13.710000038146973,13.850000381469727,12.420000076293945,13.829999923706055,12.928382873535156,99900
2020-03-16 00:00:00-04:00,11.109999656677246,14.890000343322754,10.0,11.180000305175781,10.45114517211914,127800
2020-03-17 00:00:00-04:00,12.050000190734863,13.649999618530273,10.930000305175781,13.369999885559082,12.498371124267578,131700
2020-03-18 00:00:00-04:00,12.869999885559082,13.0,10.569999694824219,10.890000343322754,10.180049896240234,115300
2020-03-19 00:00:00-04:00,10.890000343322754,12.970000267028809,10.550000190734863,12.399999618530273,11.591609001159668,165300
2020-03-20 00:00:00-04:00,12.579999923706055,12.579999923706055,10.930000305175781,11.319999694824219,10.58201789855957,158300
2020-03-23 00:00:00-04:00,11.489999771118164,12.770000457763672,10.670000076293945,12.619999885559082,11.797266960144043,88200
2020-03-24 00:00:00-04:00,13.760000228881836,13.760000228881836,12.300000190734863,13.359999656677246,12.48902416229248,372200
2020-03-25 00:00:00-04:00,13.470000267028809,14.510000228881836,13.079999923706055,14.100000381469727,13.180781364440918,112900
2020-03-26 00:00:00-04:00,14.399999618530273,15.1899995803833,13.8100004196167,15.170000076293945,14.181024551391602,152900
2020-03-27 00:00:00-04:00,15.079999923706055,15.270000457763672,13.779999732971191,13.789999961853027,12.8909912109375,338600
2020-03-30 00:00:00-04:00,14.100000381469727,14.600000381469727,12.850000381469727,13.399999618530273,12.526415824890137,212000
2020-03-31 00:00:00-04:00,13.350000381469727,13.850000381469727,13.130000114440918,13.25,12.38619613647461,174300
2020-04-01 00:00:00-04:00,12.760000228881836,13.15999984741211,12.510000228881836,12.869999885559082,12.03096866607666,349600
2020-04-02 00:00:00-04:00,12.890000343322754,13.65999984741211,12.670000076293945,13.5,12.619897842407227,154100
2020-04-03 00:00:00-04:00,13.5600004196167,13.5600004196167,13.039999961853027,13.329999923706055,12.460979461669922,110000
2020-04-06 00:00:00-04:00,14.0,14.640000343322754,13.699999809265137,14.010000228881836,13.096649169921875,118000
2020-04-07 00:00:00-04:00,14.630000114440918,15.170000076293945,13.5600004196167,13.710000038146973,12.816206932067871,99900
2020-04-08 00:00:00-04:00,14.050000190734863,15.180000305175781,13.979999542236328,14.720000267028809,13.76036262512207,118600
2020-04-09 00:00:00-04:00,15.229999542236328,15.970000267028809,15.149999618530273,15.65999984741211,14.639079093933105,106200
2020-04-13 00:00:00-04:00,15.470000267028809,15.609999656677246,14.880000114440918,15.4399995803833,14.43342399597168,74100
2020-04-14 00:00:00-04:00,15.949999809265137,16.59000015258789,15.25,15.75,14.723213195800781,64200
2020-04-15 00:00:00-04:00,15.180000305175781,15.5,14.800000190734863,15.229999542236328,14.237113952636719,104500
2020-04-16 00:00:00-04:00,16.190000534057617,18.610000610351562,16.18000030517578,17.520000457763672,16.37782096862793,200300
2020-04-17 00:00:00-04:00,17.889999389648438,18.25,16.610000610351562,17.1299991607666,16.013246536254883,135600
2020-04-20 00:00:00-04:00,16.8700008392334,17.329999923706055,16.510000228881836,16.600000381469727,15.517800331115723,105200
2020-04-21 00:00:00-04:00,16.440000534057617,16.6299991607666,15.979999542236328,16.190000534057617,15.134529113769531,104100
2020-04-22 00:00:00-04:00,16.6299991607666,16.6299991607666,15.84000015258789,16.0,14.956914901733398,149200
2020-04-23 00:00:00-04:00,16.100000381469727,16.3700008392334,15.739999771118164,16.200000762939453,15.143876075744629,113800
2020-04-24 00:00:00-04:00,16.18000030517578,16.469999313354492,15.739999771118164,16.329999923706055,15.265401840209961,83300
2020-04-27 00:00:00-04:00,16.459999084472656,17.56999969482422,16.459999084472656,17.329999923706055,16.20020866394043,95300
2020-04-28 00:00:00-04:00,17.81999969482422,18.940000534057617,17.799999237060547,18.399999618530273,17.20045280456543,166900
2020-04-29 00:00:00-04:00,19.15999984741211,19.229999542236328,18.639999389648438,18.75,17.527633666992188,257000
2020-04-30 00:00:00-04:00,18.450000762939453,18.469999313354492,17.510000228881836,17.56999969482422,16.424560546875,81200
2020-05-01 00:00:00-04:00,17.1299991607666,17.440000534057617,16.739999771118164,17.350000381469727,16.21890640258789,118800
2020-05-04 00:00:00-04:00,17.040000915527344,17.56999969482422,16.719999313354492,17.1299991607666,16.013246536254883,56900
2020-05-05 00:00:00-04:00,17.530000686645508,17.75,16.559999465942383,16.75,15.658021926879883,64200
2020-05-06 00:00:00-04:00,16.719999313354492,16.780000686645508,16.100000381469727,16.209999084472656,15.153223037719727,66600
2020-05-07 00:00:00-04:00,16.579999923706055,16.700000762939453,16.1200008392334,16.600000381469727,15.517800331115723,88700
2020-05-08 00:00:00-04:00,16.969999313354492,17.350000381469727,16.899999618530273,17.049999237060547,15.93846321105957,80000
2020-05-11 00:00:00-04:00,16.979999542236328,16.979999542236328,16.1299991607666,16.34000015258789,15.274749755859375,86400
2020-05-12 00:00:00-04:00,16.329999923706055,16.360000610351562,15.270000457763672,15.300000190734863,14.302550315856934,86800
2020-05-13 00:00:00-04:00,15.170000076293945,15.25,14.260000228881836,14.529999732971191,13.582748413085938,108100
2020-05-14 00:00:00-04:00,14.25,14.699999809265137,13.539999961853027,14.65999984741211,13.70427417755127,71500
2020-05-15 00:00:00-04:00,14.520000457763672,15.319999694824219,14.420000076293945,15.170000076293945,14.181024551391602,76100
2020-05-18 00:00:00-04:00,15.819999694824219,16.780000686645508,15.819999694824219,16.520000457763672,15.443015098571777,87200
2020-05-19 00:00:00-04:00,16.5,16.5,15.75,15.770000457763672,14.741909980773926,80600
2020-05-20 00:00:00-04:00,16.190000534057617,16.760000228881836,16.010000228881836,16.700000762939453,15.611281394958496,69100
2020-05-21 00:00:00-04:00,16.75,17.059999465942383,16.389999389648438,16.579999923706055,15.499102592468262,74500
2020-05-22 00:00:00-04:00,16.739999771118164,16.739999771118164,16.389999389648438,16.649999618530273,15.564539909362793,76800
2020-05-26 00:00:00-04:00,17.389999389648438,18.149999618530273,17.389999389648438,17.549999237060547,16.405864715576172,70400
2020-05-27 00:00:00-04:00,17.920000076293945,18.690000534057617,17.1299991607666,18.530000686645508,17.321975708007812,80600
2020-05-28 00:00:00-04:00,18.739999771118164,18.739999771118164,17.610000610351562,17.770000457763672,16.611522674560547,72100
2020-05-29 00:00:00-04:00,17.610000610351562,17.75,17.1200008392334,17.649999618530273,16.499347686767578,71700
2020-06-01 00:00:00-04:00,17.799999237060547,18.25,17.68000030517578,17.68000030517578,16.52739143371582,256100
2020-06-02 00:00:00-04:00,17.84000015258789,18.040000915527344,17.59000015258789,17.850000381469727,16.686309814453125,32200
2020-06-03 00:00:00-04:00,18.18000030517578,18.829999923706055,18.030000686645508,18.459999084472656,17.25653839111328,53500
2020-06-04 00:00:00-04:00,18.229999542236328,19.479999542236328,18.040000915527344,19.25,17.995037078857422,79200
2020-06-05 00:00:00-04:00,20.209999084472656,21.450000762939453,19.739999771118164,21.110000610351562,19.733781814575195,122800
2020-06-08 00:00:00-04:00,21.280000686645508,21.56999969482422,20.920000076293945,21.149999618530273,19.77117347717285,91300
2020-06-09 00:00:00-04:00,20.729999542236328,21.270000457763672,20.170000076293945,20.739999771118164,19.38789939880371,54400
2020-06-10 00:00:00-04:00,19.8799991607666,20.0,18.760000228881836,18.84000015258789,17.611766815185547,94400
2020-06-11 00:00:00-04:00,17.770000457763672,18.149999618530273,16.8799991607666,16.950000762939453,15.870253562927246,78900
2020-06-12 00:00:00-04:00,17.479999542236328,17.8799991607666,16.389999389648438,16.899999618530273,15.823437690734863,76800
2020-06-15 00:00:00-04:00,16.270000457763672,17.190000534057617,16.270000457763672,16.940000534057617,15.860889434814453,85000
2020-06-16 00:00:00-04:00,17.920000076293945,18.81999969482422,17.739999771118164,18.280000686645508,17.115528106689453,299400
2020-06-17 00:00:00-04:00,18.350000381469727,18.350000381469727,17.540000915527344,17.540000915527344,16.42266845703125,75600
2020-06-18 00:00:00-04:00,17.299999237060547,18.010000228881836,16.93000030517578,17.43000030517578,16.319677352905273,75800
2020-06-19 00:00:00-04:00,17.780000686645508,17.780000686645508,17.0,17.020000457763672,15.93579387664795,112600
2020-06-22 00:00:00-04:00,16.90999984741211,17.520000457763672,16.75,17.459999084472656,16.347763061523438,48200
2020-06-23 00:00:00-04:00,17.65999984741211,18.329999923706055,17.25,18.110000610351562,16.956357955932617,96900
2020-06-24 00:00:00-04:00,17.75,17.770000457763672,17.049999237060547,17.290000915527344,16.188594818115234,70900
2020-06-25 00:00:00-04:00,17.079999923706055,17.780000686645508,16.90999984741211,17.760000228881836,16.62865447998047,69200
2020-06-26 00:00:00-04:00,17.479999542236328,17.709999084472656,16.84000015258789,17.229999542236328,16.132415771484375,142800
2020-06-29 00:00:00-04:00,17.510000228881836,18.639999389648438,17.510000228881836,18.610000610351562,17.424509048461914,71000
2020-06-30 00:00:00-04:00,18.479999542236328,19.18000030517578,18.389999389648438,19.06999969482422,17.85520362854004,70800
2020-07-01 00:00:00-04:00,19.229999542236328,19.979999542236328,18.59000015258789,18.719999313354492,17.527498245239258,87100
2020-07-02 00:00:00-04:00,19.260000228881836,19.549999237060547,18.940000534057617,19.030000686645508,17.817752838134766,64400
2020-07-06 00:00:00-04:00,19.459999084472656,19.459999084472656,19.020000457763672,19.18000030517578,17.95819854736328,60000
2020-07-07 00:00:00-04:00,18.959999084472656,19.15999984741211,18.709999084472656,18.799999237060547,17.602401733398438,83500
2020-07-08 00:00:00-04:00,18.690000534057617,19.06999969482422,18.600000381469727,18.979999542236328,17.770936965942383,88100
2020-07-09 00:00:00-04:00,18.899999618530273,19.040000915527344,17.920000076293945,18.270000457763672,17.10616683959961,59400
2020-07-10 00:00:00-04:00,18.360000610351562,18.670000076293945,18.020000457763672,18.559999465942383,17.37769317626953,39300
2020-07-13 00:00:00-04:00,18.81999969482422,19.139999389648438,18.420000076293945,18.600000381469727,17.415143966674805,52900
2020-07-14 00:00:00-04:00,18.719999313354492,19.360000610351562,18.649999618530273,19.309999465942383,18.079917907714844,47800
2020-07-15 00:00:00-04:00,19.420000076293945,20.139999389648438,19.149999618530273,19.84000015258789,18.576154708862305,141500
2020-07-16 00:00:00-04:00,20.8799991607666,20.8799991607666,18.68000030517578,19.270000457763672,18.042465209960938,137700
2020-07-17 00:00:00-04:00,19.09000015258789,20.15999984741211,19.09000015258789,19.760000228881836,18.501249313354492,133900
2020-07-20 00:00:00-04:00,19.56999969482422,19.6299991607666,18.770000457763672,19.190000534057617,17.967559814453125,82000
2020-07-21 00:00:00-04:00,19.399999618530273,20.09000015258789,19.200000762939453,19.760000228881836,18.501249313354492,163400
2020-07-22 00:00:00-04:00,19.6200008392334,20.190000534057617,19.280000686645508,19.760000228881836,18.501249313354492,143600
2020-07-23 00:00:00-04:00,19.6299991607666,20.079999923706055,19.540000915527344,19.90999984741211,18.641695022583008,92500
2020-07-24 00:00:00-04:00,19.8700008392334,20.139999389648438,19.170000076293945,19.3700008392334,18.136093139648438,85000
2020-07-27 00:00:00-04:00,19.329999923706055,19.709999084472656,18.959999084472656,19.59000015258789,18.34208106994629,68900
2020-07-28 00:00:00-04:00,19.399999618530273,19.520000457763672,18.889999389648438,18.920000076293945,17.714759826660156,90400
2020-07-29 00:00:00-04:00,18.889999389648438,19.3700008392334,17.799999237060547,19.25,18.02373695373535,64400
2020-07-30 00:00:00-04:00,18.93000030517578,19.219999313354492,18.190000534057617,18.8700008392334,17.667945861816406,52700
2020-07-31 00:00:00-04:00,18.729999542236328,18.81999969482422,18.100000381469727,18.639999389648438,17.452594757080078,66600
2020-08-03 00:00:00-04:00,18.75,19.040000915527344,18.600000381469727,18.889999389648438,17.686670303344727,43600
2020-08-04 00:00:00-04:00,18.84000015258789,19.209999084472656,18.729999542236328,18.989999771118164,17.78030014038086,58300
2020-08-05 00:00:00-04:00,19.25,19.450000762939453,18.959999084472656,19.1200008392334,17.902019500732422,116900
2020-08-06 00:00:00-04:00,19.1200008392334,19.450000762939453,19.100000381469727,19.280000686645508,18.051828384399414,55200
2020-08-07 00:00:00-04:00,19.18000030517578,19.860000610351562,19.18000030517578,19.850000381469727,18.58551788330078,61100
2020-08-10 00:00:00-04:00,19.850000381469727,20.360000610351562,19.790000915527344,20.1299991607666,18.847681045532227,70500
2020-08-11 00:00:00-04:00,20.280000686645508,20.6200008392334,19.690000534057617,19.860000610351562,18.594881057739258,114800
2020-08-12 00:00:00-04:00,20.0,20.0,19.440000534057617,19.610000610351562,18.36080551147461,52200
2020-08-13 00:00:00-04:00,19.450000762939453,19.450000762939453,18.459999084472656,18.8700008392334,17.667945861816406,87500
2020-08-14 00:00:00-04:00,18.739999771118164,19.299999237060547,18.670000076293945,19.229999542236328,18.00501251220703,72600
2020-08-17 00:00:00-04:00,19.219999313354492,19.43000030517578,19.100000381469727,19.31999969482422,18.089279174804688,45200
2020-08-18 00:00:00-04:00,19.31999969482422,19.31999969482422,18.649999618530273,18.719999313354492,17.527498245239258,56000
2020-08-19 00:00:00-04:00,18.81999969482422,18.889999389648438,18.350000381469727,18.440000534057617,17.265336990356445,66300
2020-08-20 00:00:00-04:00,18.15999984741211,18.770000457763672,18.09000015258789,18.579999923706055,17.396419525146484,55500
2020-08-21 00:00:00-04:00,18.489999771118164,18.65999984741211,18.190000534057617,18.479999542236328,17.30278778076172,109700
2020-08-24 00:00:00-04:00,18.739999771118164,19.110000610351562,18.649999618530273,19.079999923706055,17.86456871032715,50400
2020-08-25 00:00:00-04:00,19.1299991607666,19.219999313354492,18.65999984741211,18.899999618530273,17.696033477783203,40300
2020-08-26 00:00:00-04:00,18.8700008392334,19.040000915527344,18.639999389648438,18.790000915527344,17.59304428100586,28800
2020-08-27 00:00:00-04:00,18.889999389648438,19.3700008392334,18.639999389648438,18.700000762939453,17.50877571105957,32100
2020-08-28 00:00:00-04:00,18.8799991607666,18.8799991607666,18.489999771118164,18.690000534057617,17.499412536621094,30500
2020-08-31 00:00:00-04:00,18.59000015258789,18.780000686645508,18.200000762939453,18.440000534057617,17.265336990356445,278900
2020-09-01 00:00:00-04:00,18.420000076293945,19.139999389648438,18.280000686645508,19.079999923706055,17.86456871032715,48900
2020-09-02 00:00:00-04:00,19.020000457763672,19.329999923706055,18.950000762939453,19.170000076293945,17.948833465576172,39500
2020-09-03 00:00:00-04:00,19.139999389648438,19.200000762939453,17.860000610351562,18.030000686645508,16.881454467773438,60500
2020-09-04 00:00:00-04:00,18.440000534057617,18.729999542236328,17.670000076293945,18.0,16.853364944458008,48100
2020-09-08 00:00:00-04:00,17.65999984741211,18.3799991607666,17.219999313354492,18.010000228881836,16.862728118896484,65100
2020-09-09 00:00:00-04:00,18.1299991607666,18.56999969482422,18.100000381469727,18.200000762939453,17.040624618530273,53300
2020-09-10 00:00:00-04:00,18.110000610351562,18.18000030517578,17.520000457763672,17.600000381469727,16.50605583190918,51100
2020-09-11 00:00:00-04:00,17.780000686645508,18.010000228881836,17.270000457763672,17.43000030517578,16.346622467041016,58400
2020-09-14 00:00:00-04:00,17.56999969482422,17.93000030517578,17.40999984741211,17.8799991607666,16.76865005493164,45300
2020-09-15 00:00:00-04:00,17.979999542236328,18.260000228881836,17.790000915527344,17.979999542236328,16.86243438720703,53900
2020-09-16 00:00:00-04:00,18.149999618530273,19.270000457763672,18.110000610351562,19.149999618530273,17.959712982177734,88000
2020-09-17 00:00:00-04:00,18.809999465942383,19.299999237060547,18.799999237060547,19.15999984741211,17.969091415405273,113900
2020-09-18 00:00:00-04:00,19.3700008392334,19.739999771118164,18.84000015258789,18.989999771118164,17.80965805053711,202800
2020-09-21 00:00:00-04:00,18.40999984741211,18.40999984741211,16.959999084472656,17.18000030517578,16.112159729003906,60700
2020-09-22 00:00:00-04:00,17.1200008392334,17.510000228881836,16.809999465942383,17.5,16.412269592285156,187600
2020-09-23 00:00:00-04:00,17.450000762939453,18.030000686645508,17.43000030517578,17.489999771118164,16.402891159057617,132900
2020-09-24 00:00:00-04:00,17.43000030517578,18.170000076293945,17.239999771118164,17.920000076293945,16.80616569519043,63700
2020-09-25 00:00:00-04:00,17.700000762939453,18.559999465942383,17.700000762939453,18.079999923706055,16.956218719482422,67100
2020-09-28 00:00:00-04:00,18.399999618530273,19.030000686645508,18.399999618530273,18.68000030517578,17.5189266204834,52900
2020-09-29 00:00:00-04:00,18.600000381469727,18.8700008392334,18.1200008392334,18.790000915527344,17.62209129333496,41100
2020-09-30 00:00:00-04:00,18.780000686645508,19.139999389648438,18.610000610351562,18.700000762939453,17.537683486938477,59600
2020-10-01 00:00:00-04:00,18.68000030517578,18.959999084472656,18.360000610351562,18.829999923706055,17.659603118896484,39800
2020-10-02 00:00:00-04:00,18.299999237060547,19.1299991607666,18.110000610351562,18.950000762939453,17.772144317626953,44100
2020-10-05 00:00:00-04:00,18.950000762939453,19.8700008392334,18.920000076293945,19.700000762939453,18.475528717041016,49900
2020-10-06 00:00:00-04:00,19.8799991607666,20.420000076293945,19.270000457763672,20.010000228881836,18.766258239746094,87000
2020-10-07 00:00:00-04:00,20.09000015258789,20.34000015258789,19.81999969482422,20.149999618530273,18.89755630493164,100000
2020-10-08 00:00:00-04:00,20.489999771118164,21.0,19.489999771118164,20.739999771118164,19.450883865356445,49800
2020-10-09 00:00:00-04:00,20.950000762939453,21.25,20.309999465942383,20.510000228881836,19.235179901123047,63100
2020-10-12 00:00:00-04:00,20.549999237060547,20.700000762939453,19.989999771118164,20.600000381469727,19.3195858001709,61400
2020-10-13 00:00:00-04:00,20.389999389648438,20.600000381469727,18.829999923706055,20.389999389648438,19.122638702392578,74900
2020-10-14 00:00:00-04:00,20.350000381469727,20.639999389648438,20.030000686645508,20.299999237060547,19.038232803344727,45400
2020-10-15 00:00:00-04:00,20.1200008392334,21.5,19.920000076293945,21.360000610351562,20.0323486328125,73800
2020-10-16 00:00:00-04:00,21.270000457763672,21.270000457763672,20.600000381469727,21.0,19.694725036621094,53700
2020-10-19 00:00:00-04:00,21.209999084472656,21.309999465942383,20.709999084472656,21.0,19.694725036621094,57900
2020-10-20 00:00:00-04:00,20.989999771118164,21.010000228881836,20.549999237060547,20.950000762939453,19.6478328704834,88300
2020-10-21 00:00:00-04:00,20.8700008392334,21.43000030517578,20.739999771118164,20.989999771118164,19.685344696044922,49100
2020-10-22 00:00:00-04:00,21.489999771118164,22.979999542236328,20.65999984741211,21.34000015258789,20.013593673706055,72500
2020-10-23 00:00:00-04:00,21.299999237060547,21.979999542236328,21.270000457763672,21.610000610351562,20.266809463500977,31900
2020-10-26 00:00:00-04:00,21.229999542236328,21.670000076293945,20.920000076293945,21.329999923706055,20.00421142578125,45100
2020-10-27 00:00:00-04:00,21.219999313354492,21.829999923706055,20.899999618530273,21.059999465942383,19.750993728637695,57200
2020-10-28 00:00:00-04:00,20.450000762939453,21.020000457763672,20.31999969482422,20.549999237060547,19.272693634033203,37900
2020-10-29 00:00:00-04:00,21.790000915527344,21.790000915527344,20.940000534057617,21.31999969482422,19.99483299255371,68000
2020-10-30 00:00:00-04:00,21.31999969482422,22.049999237060547,21.18000030517578,21.760000228881836,20.407485961914062,66300
2020-11-02 00:00:00-05:00,21.799999237060547,21.860000610351562,20.6299991607666,21.190000534057617,19.872915267944336,74600
2020-11-03 00:00:00-05:00,21.709999084472656,22.459999084472656,21.489999771118164,22.309999465942383,20.923297882080078,49400
2020-11-04 00:00:00-05:00,22.030000686645508,22.450000762939453,21.40999984741211,22.350000381469727,20.9608154296875,80700
2020-11-05 00:00:00-05:00,22.350000381469727,23.049999237060547,21.59000015258789,22.84000015258789,21.42035675048828,43700
2020-11-06 00:00:00-05:00,22.969999313354492,22.969999313354492,21.979999542236328,22.280000686645508,20.895166397094727,43400
2020-11-09 00:00:00-05:00,24.100000381469727,24.770000457763672,23.049999237060547,23.440000534057617,21.983064651489258,80200
2020-11-10 00:00:00-05:00,23.799999237060547,25.229999542236328,23.799999237060547,24.600000381469727,23.070964813232422,61800
2020-11-11 00:00:00-05:00,24.6200008392334,24.6200008392334,23.270000457763672,24.06999969482422,22.573904037475586,26800
2020-11-12 00:00:00-05:00,23.809999465942383,24.729999542236328,22.700000762939453,23.170000076293945,21.729846954345703,70900
2020-11-13 00:00:00-05:00,23.489999771118164,23.81999969482422,23.079999923706055,23.459999084472656,22.001821517944336,46000
2020-11-16 00:00:00-05:00,24.1200008392334,24.739999771118164,23.18000030517578,24.739999771118164,23.202260971069336,103300
2020-11-17 00:00:00-05:00,24.729999542236328,24.899999618530273,23.610000610351562,24.610000610351562,23.080341339111328,86900
2020-11-18 00:00:00-05:00,25.139999389648438,25.6200008392334,24.950000762939453,24.989999771118164,23.436721801757812,100500
2020-11-19 00:00:00-05:00,25.09000015258789,25.43000030517578,24.739999771118164,25.350000381469727,23.774343490600586,105400
2020-11-20 00:00:00-05:00,25.15999984741211,25.420000076293945,24.799999237060547,25.309999465942383,23.736831665039062,69600
2020-11-23 00:00:00-05:00,25.43000030517578,25.90999984741211,24.889999389648438,25.280000686645508,23.708696365356445,105500
2020-11-24 00:00:00-05:00,25.489999771118164,25.850000381469727,25.229999542236328,25.760000228881836,24.15886116027832,114300
2020-11-25 00:00:00-05:00,25.739999771118164,25.899999618530273,25.299999237060547,25.5,23.915021896362305,79100
2020-11-27 00:00:00-05:00,25.5,25.56999969482422,24.809999465942383,25.260000228881836,23.689939498901367,55100
2020-11-30 00:00:00-05:00,23.43000030517578,24.719999313354492,22.850000381469727,23.1299991607666,23.09095001220703,128800
2020-12-01 00:00:00-05:00,23.579999923706055,23.65999984741211,23.0,23.200000762939453,23.16083526611328,56900
2020-12-02 00:00:00-05:00,23.049999237060547,23.530000686645508,22.809999465942383,23.229999542236328,23.19078254699707,117200
2020-12-03 00:00:00-05:00,23.3700008392334,23.489999771118164,22.600000381469727,23.260000228881836,23.220731735229492,45800
2020-12-04 00:00:00-05:00,23.010000228881836,24.239999771118164,23.010000228881836,23.940000534057617,23.899585723876953,43100
2020-12-07 00:00:00-05:00,23.940000534057617,24.170000076293945,23.709999084472656,24.079999923706055,24.039348602294922,42800
2020-12-08 00:00:00-05:00,23.829999923706055,24.469999313354492,23.59000015258789,24.309999465942383,24.268959045410156,70800
2020-12-09 00:00:00-05:00,24.389999389648438,24.610000610351562,24.200000762939453,24.510000228881836,24.4686222076416,44800
2020-12-10 00:00:00-05:00,24.329999923706055,24.329999923706055,23.600000381469727,23.950000762939453,23.909568786621094,45200
2020-12-11 00:00:00-05:00,23.68000030517578,24.049999237060547,23.219999313354492,23.549999237060547,23.510242462158203,36600
2020-12-14 00:00:00-05:00,23.739999771118164,23.969999313354492,22.850000381469727,23.139999389648438,23.100934982299805,76800
2020-12-15 00:00:00-05:00,23.209999084472656,24.290000915527344,23.139999389648438,24.280000686645508,24.239011764526367,61000
2020-12-16 00:00:00-05:00,24.329999923706055,24.399999618530273,23.850000381469727,24.1299991607666,24.089263916015625,54200
2020-12-17 00:00:00-05:00,24.290000915527344,24.610000610351562,24.0,24.299999237060547,24.258975982666016,61600
2020-12-18 00:00:00-05:00,24.299999237060547,24.440000534057617,23.489999771118164,23.510000228881836,23.47031021118164,404600
2020-12-21 00:00:00-05:00,23.079999923706055,23.649999618530273,22.450000762939453,22.75,22.71159553527832,184600
2020-12-22 00:00:00-05:00,22.8799991607666,23.280000686645508,22.1299991607666,22.420000076293945,22.382150650024414,56100
2020-12-23 00:00:00-05:00,22.600000381469727,22.979999542236328,22.209999084472656,22.760000228881836,22.721576690673828,103000
2020-12-24 00:00:00-05:00,22.959999084472656,23.1299991607666,22.709999084472656,23.059999465942383,23.021068572998047,30800
2020-12-28 00:00:00-05:00,23.31999969482422,23.770000457763672,22.90999984741211,23.3700008392334,23.330547332763672,127600
2020-12-29 00:00:00-05:00,23.360000610351562,23.360000610351562,22.100000381469727,22.450000762939453,22.412099838256836,47300
2020-12-30 00:00:00-05:00,22.540000915527344,22.969999313354492,22.09000015258789,22.25,22.212438583374023,34100
2020-12-31 00:00:00-05:00,22.1200008392334,22.459999084472656,22.09000015258789,22.270000457763672,22.232404708862305,36000
2021-01-04 00:00:00-05:00,22.420000076293945,23.1299991607666,22.200000762939453,22.950000762939453,22.911256790161133,73300
2021-01-05 00:00:00-05:00,23.030000686645508,24.229999542236328,23.030000686645508,24.0,23.959482192993164,78600
2021-01-06 00:00:00-05:00,24.25,25.68000030517578,24.25,25.170000076293945,25.12750816345215,232700
2021-01-07 00:00:00-05:00,25.270000457763672,25.670000076293945,24.65999984741211,25.440000534057617,25.397052764892578,84000
2021-01-08 00:00:00-05:00,25.739999771118164,25.739999771118164,24.270000457763672,24.56999969482422,24.528520584106445,54500
2021-01-11 00:00:00-05:00,24.139999389648438,24.770000457763672,24.139999389648438,24.700000762939453,24.658302307128906,41700
2021-01-12 00:00:00-05:00,24.700000762939453,25.829999923706055,24.600000381469727,25.6200008392334,25.576749801635742,58900
2021-01-13 00:00:00-05:00,25.420000076293945,25.489999771118164,24.6200008392334,25.049999237060547,25.007709503173828,60300
2021-01-14 00:00:00-05:00,25.309999465942383,25.6200008392334,24.260000228881836,25.399999618530273,25.357118606567383,63800
2021-01-15 00:00:00-05:00,24.899999618530273,24.899999618530273,24.219999313354492,24.40999984741211,24.368791580200195,44000
2021-01-19 00:00:00-05:00,24.829999923706055,25.719999313354492,24.450000762939453,25.290000915527344,25.24730682373047,88300
2021-01-20 00:00:00-05:00,25.260000228881836,26.200000762939453,25.149999618530273,26.139999389648438,26.095869064331055,114500
2021-01-21 00:00:00-05:00,27.5,28.15999984741211,26.389999389648438,27.100000381469727,27.054250717163086,230200
2021-01-22 00:00:00-05:00,27.280000686645508,27.350000381469727,26.1200008392334,27.18000030517578,27.13411521911621,145700
2021-01-25 00:00:00-05:00,27.299999237060547,27.700000762939453,26.709999084472656,27.479999542236328,27.433609008789062,130100
2021-01-26 00:00:00-05:00,27.530000686645508,27.93000030517578,26.469999313354492,27.020000457763672,26.97438621520996,90000
2021-01-27 00:00:00-05:00,26.440000534057617,26.700000762939453,25.3700008392334,26.399999618530273,26.355430603027344,101400
2021-01-28 00:00:00-05:00,26.719999313354492,26.719999313354492,25.510000228881836,25.920000076293945,25.87624168395996,89500
2021-01-29 00:00:00-05:00,25.90999984741211,26.389999389648438,25.0,25.239999771118164,25.197389602661133,68700
2021-02-01 00:00:00-05:00,25.469999313354492,26.440000534057617,25.239999771118164,25.75,25.70652961730957,88500
2021-02-02 00:00:00-05:00,26.25,26.450000762939453,25.360000610351562,26.239999771118164,26.195701599121094,78800
2021-02-03 00:00:00-05:00,26.079999923706055,26.5,25.3700008392334,26.15999984741211,26.11583709716797,37400
2021-02-04 00:00:00-05:00,26.170000076293945,27.350000381469727,25.899999618530273,27.139999389648438,27.094181060791016,47200
2021-02-05 00:00:00-05:00,27.5,27.610000610351562,26.780000686645508,27.40999984741211,27.363727569580078,64100
2021-02-08 00:00:00-05:00,27.420000076293945,28.75,27.34000015258789,28.709999084472656,28.661529541015625,45800
2021-02-09 00:00:00-05:00,28.8799991607666,29.399999618530273,28.59000015258789,29.190000534057617,29.140722274780273,84100
2021-02-10 00:00:00-05:00,29.190000534057617,29.389999389648438,28.600000381469727,29.09000015258789,29.040889739990234,53900
2021-02-11 00:00:00-05:00,29.110000610351562,29.40999984741211,28.5,29.219999313354492,29.170669555664062,87900
2021-02-12 00:00:00-05:00,28.979999542236328,29.389999389648438,28.799999237060547,29.360000610351562,29.310436248779297,39100
2021-02-16 00:00:00-05:00,29.280000686645508,29.8700008392334,29.280000686645508,29.43000030517578,29.38031768798828,70000
2021-02-17 00:00:00-05:00,29.1299991607666,29.8799991607666,28.90999984741211,29.43000030517578,29.38031768798828,37600
2021-02-18 00:00:00-05:00,29.239999771118164,29.75,28.649999618530273,29.479999542236328,29.43023109436035,73200
2021-02-19 00:00:00-05:00,29.56999969482422,30.579999923706055,29.350000381469727,30.489999771118164,30.438528060913086,69500
2021-02-22 00:00:00-05:00,30.200000762939453,31.6200008392334,29.93000030517578,30.729999542236328,30.67812156677246,70900
2021-02-23 00:00:00-05:00,30.43000030517578,30.530000686645508,29.3799991607666,30.0,29.94935417175293,94300
2021-02-24 00:00:00-05:00,30.34000015258789,32.400001525878906,30.0,31.889999389648438,31.836164474487305,109400
2021-02-25 00:00:00-05:00,31.940000534057617,32.349998474121094,30.920000076293945,31.079999923706055,31.027530670166016,82500
2021-02-26 00:00:00-05:00,31.149999618530273,31.770000457763672,30.389999389648438,30.8799991607666,30.82786750793457,93500
2021-03-01 00:00:00-05:00,31.43000030517578,33.2400016784668,31.030000686645508,32.790000915527344,32.73464584350586,103800
2021-03-02 00:00:00-05:00,32.63999938964844,33.11000061035156,31.440000534057617,32.029998779296875,31.97592544555664,60400
2021-03-03 00:00:00-05:00,32.470001220703125,33.43000030517578,31.780000686645508,32.7400016784668,32.684730529785156,67600
2021-03-04 00:00:00-05:00,32.77000045776367,33.81999969482422,31.540000915527344,31.959999084472656,31.90604591369629,86700
2021-03-05 00:00:00-05:00,32.63999938964844,33.0099983215332,31.280000686645508,32.97999954223633,32.924320220947266,87200
2021-03-08 00:00:00-05:00,33.439998626708984,35.18000030517578,32.779998779296875,34.939998626708984,34.88101577758789,116200
2021-03-09 00:00:00-05:00,35.52000045776367,36.470001220703125,34.900001525878906,36.0099983215332,35.9492073059082,90400
2021-03-10 00:00:00-05:00,36.47999954223633,37.959999084472656,36.220001220703125,37.75,37.68627166748047,112200
2021-03-11 00:00:00-05:00,38.31999969482422,38.5,36.2599983215332,37.65999984741211,37.62632369995117,104500
2021-03-12 00:00:00-05:00,38.0,38.959999084472656,38.0,38.72999954223633,38.69536590576172,92800
2021-03-15 00:00:00-04:00,38.939998626708984,38.939998626708984,37.630001068115234,38.689998626708984,38.65540313720703,111800
2021-03-16 00:00:00-04:00,38.689998626708984,38.689998626708984,37.11000061035156,37.56999969482422,37.53640365600586,113300
2021-03-17 00:00:00-04:00,37.189998626708984,37.599998474121094,36.060001373291016,36.91999816894531,36.886985778808594,104400
2021-03-18 00:00:00-04:00,36.709999084472656,38.209999084472656,36.65999984741211,37.25,37.21669006347656,77600
2021-03-19 00:00:00-04:00,37.06999969482422,37.59000015258789,36.130001068115234,36.34000015258789,36.3075065612793,461700
2021-03-22 00:00:00-04:00,36.2400016784668,36.2400016784668,33.439998626708984,33.560001373291016,33.529991149902344,169500
2021-03-23 00:00:00-04:00,33.209999084472656,33.4900016784668,31.329999923706055,31.459999084472656,31.431867599487305,149000
2021-03-24 00:00:00-04:00,31.790000915527344,33.060001373291016,30.670000076293945,30.739999771118164,30.712512969970703,142000
2021-03-25 00:00:00-04:00,30.209999084472656,31.459999084472656,29.489999771118164,31.280000686645508,31.252031326293945,165700
2021-03-26 00:00:00-04:00,31.440000534057617,31.440000534057617,30.100000381469727,30.729999542236328,30.7025203704834,122100
2021-03-29 00:00:00-04:00,30.5,30.989999771118164,29.1299991607666,29.149999618530273,29.123933792114258,189800
2021-03-30 00:00:00-04:00,29.0,30.850000381469727,28.68000030517578,30.56999969482422,30.54266357421875,136700
2021-03-31 00:00:00-04:00,31.010000228881836,31.600000381469727,30.0,30.84000015258789,30.812423706054688,157300
2021-04-01 00:00:00-04:00,30.81999969482422,31.790000915527344,30.610000610351562,31.729999542236328,31.701627731323242,110900
2021-04-05 00:00:00-04:00,32.22999954223633,32.43000030517578,30.719999313354492,31.670000076293945,31.641681671142578,114500
2021-04-06 00:00:00-04:00,31.8799991607666,32.70000076293945,31.399999618530273,32.27000045776367,32.241146087646484,85000
2021-04-07 00:00:00-04:00,32.36000061035156,32.36000061035156,31.31999969482422,31.540000915527344,31.511798858642578,86400
2021-04-08 00:00:00-04:00,31.670000076293945,31.670000076293945,30.6299991607666,31.510000228881836,31.48182487487793,52700
2021-04-09 00:00:00-04:00,31.56999969482422,32.15999984741211,31.229999542236328,31.969999313354492,31.9414119720459,66800
2021-04-12 00:00:00-04:00,31.81999969482422,32.220001220703125,31.649999618530273,32.0,31.971385955810547,51400
2021-04-13 00:00:00-04:00,31.809999465942383,31.809999465942383,30.68000030517578,31.329999923706055,31.301984786987305,45900
2021-04-14 00:00:00-04:00,31.329999923706055,32.06999969482422,30.809999465942383,31.549999237060547,31.521787643432617,48000
2021-04-15 00:00:00-04:00,31.809999465942383,31.809999465942383,30.790000915527344,31.15999984741211,31.132137298583984,54600
2021-04-16 00:00:00-04:00,31.489999771118164,32.43000030517578,31.25,32.0099983215332,31.981374740600586,60600
2021-04-19 00:00:00-04:00,31.8799991607666,32.099998474121094,30.829999923706055,31.899999618530273,31.871475219726562,61500
2021-04-20 00:00:00-04:00,31.8700008392334,32.119998931884766,30.670000076293945,31.200000762939453,31.172101974487305,69100
2021-04-21 00:00:00-04:00,31.18000030517578,32.04999923706055,31.040000915527344,31.93000030517578,31.90144920349121,65800
2021-04-22 00:00:00-04:00,32.9900016784668,34.79999923706055,32.9900016784668,34.2400016784668,34.20938491821289,150100
2021-04-23 00:00:00-04:00,34.880001068115234,35.38999938964844,34.2400016784668,34.93000030517578,34.898765563964844,161900
2021-04-26 00:00:00-04:00,35.470001220703125,37.369998931884766,35.349998474121094,37.099998474121094,37.06682586669922,176800
2021-04-27 00:00:00-04:00,37.08000183105469,37.849998474121094,36.7599983215332,37.66999816894531,37.636314392089844,134900
2021-04-28 00:00:00-04:00,38.0,38.13999938964844,37.130001068115234,37.619998931884766,37.586360931396484,85600
2021-04-29 00:00:00-04:00,38.06999969482422,38.77000045776367,37.95000076293945,38.56999969482422,38.5355110168457,111400
2021-04-30 00:00:00-04:00,38.150001525878906,38.43000030517578,37.66999816894531,38.130001068115234,38.09590530395508,134300
2021-05-03 00:00:00-04:00,38.529998779296875,39.47999954223633,38.369998931884766,39.41999816894531,39.38475036621094,157900
2021-05-04 00:00:00-04:00,39.349998474121094,39.939998626708984,38.779998779296875,39.63999938964844,39.60455322265625,60100
2021-05-05 00:00:00-04:00,40.0,40.0,39.2599983215332,39.59000015258789,39.55459976196289,85500
2021-05-06 00:00:00-04:00,39.70000076293945,40.97999954223633,39.040000915527344,40.77000045776367,40.733543395996094,93800
2021-05-07 00:00:00-04:00,40.54999923706055,41.41999816894531,39.959999084472656,41.20000076293945,41.16315841674805,61500
2021-05-10 00:00:00-04:00,41.209999084472656,41.65999984741211,40.20000076293945,40.29999923706055,40.26396179199219,102500
2021-05-11 00:00:00-04:00,39.540000915527344,39.709999084472656,37.72999954223633,38.130001068115234,38.09590530395508,89900
2021-05-12 00:00:00-04:00,38.099998474121094,38.68000030517578,36.380001068115234,36.560001373291016,36.52730941772461,77700
2021-05-13 00:00:00-04:00,36.81999969482422,38.2400016784668,36.81999969482422,38.0,37.96602249145508,92300
2021-05-14 00:00:00-04:00,38.2400016784668,38.310001373291016,37.779998779296875,38.20000076293945,38.16584396362305,63100
2021-05-17 00:00:00-04:00,38.099998474121094,38.84000015258789,37.40999984741211,38.599998474121094,38.56548309326172,69400
2021-05-18 00:00:00-04:00,38.810001373291016,38.810001373291016,37.650001525878906,37.68000030517578,37.64630889892578,43500
2021-05-19 00:00:00-04:00,36.95000076293945,37.18000030517578,35.79999923706055,37.09000015258789,37.05683517456055,71000
2021-05-20 00:00:00-04:00,37.09000015258789,37.189998626708984,36.279998779296875,37.04999923706055,37.016868591308594,47000
2021-05-21 00:00:00-04:00,37.5099983215332,38.06999969482422,36.81999969482422,37.15999984741211,37.12677001953125,60000
2021-05-24 00:00:00-04:00,37.22999954223633,37.58000183105469,36.66999816894531,36.689998626708984,36.65719223022461,48800
2021-05-25 00:00:00-04:00,36.86000061035156,37.099998474121094,35.36000061035156,35.400001525878906,35.36834716796875,65400
2021-05-26 00:00:00-04:00,35.45000076293945,36.119998931884766,35.2400016784668,35.66999816894531,35.63810348510742,109900
2021-05-27 00:00:00-04:00,36.220001220703125,36.34000015258789,35.56999969482422,35.66999816894531,35.63810348510742,129900
2021-05-28 00:00:00-04:00,35.959999084472656,35.959999084472656,34.70000076293945,34.959999084472656,34.92873764038086,63100
2021-06-01 00:00:00-04:00,35.11000061035156,36.150001525878906,35.040000915527344,35.41999816894531,35.38832473754883,169900
2021-06-02 00:00:00-04:00,35.349998474121094,35.349998474121094,33.52000045776367,33.869998931884766,33.83971405029297,94000
2021-06-03 00:00:00-04:00,33.86000061035156,33.86000061035156,32.810001373291016,33.43000030517578,33.400108337402344,86100
2021-06-04 00:00:00-04:00,33.68000030517578,33.939998626708984,33.16999816894531,33.439998626708984,33.41009521484375,45300
2021-06-07 00:00:00-04:00,33.52000045776367,33.81999969482422,32.869998931884766,33.599998474121094,33.56995391845703,144600
2021-06-08 00:00:00-04:00,33.83000183105469,34.369998931884766,33.27000045776367,34.16999816894531,34.139442443847656,53900
2021-06-09 00:00:00-04:00,34.27000045776367,34.27000045776367,33.470001220703125,33.54999923706055,33.52000045776367,45100
2021-06-10 00:00:00-04:00,33.790000915527344,33.81999969482422,32.4900016784668,32.5099983215332,32.5099983215332,61000
2021-06-11 00:00:00-04:00,32.630001068115234,33.189998626708984,32.4900016784668,32.779998779296875,32.779998779296875,44200
2021-06-14 00:00:00-04:00,32.880001068115234,32.970001220703125,32.560001373291016,32.650001525878906,32.650001525878906,69900
2021-06-15 00:00:00-04:00,32.59000015258789,32.790000915527344,32.08000183105469,32.5099983215332,32.5099983215332,81800
2021-06-16 00:00:00-04:00,32.369998931884766,32.59000015258789,31.81999969482422,32.209999084472656,32.209999084472656,57300
2021-06-17 00:00:00-04:00,32.2400016784668,32.2400016784668,30.510000228881836,31.040000915527344,31.040000915527344,73700
2021-06-18 00:00:00-04:00,30.600000381469727,31.639999389648438,30.1200008392334,30.489999771118164,30.489999771118164,218700
2021-06-21 00:00:00-04:00,31.09000015258789,31.8700008392334,30.739999771118164,31.6200008392334,31.6200008392334,72900
2021-06-22 00:00:00-04:00,31.6299991607666,31.6299991607666,31.049999237060547,31.329999923706055,31.329999923706055,100500
2021-06-23 00:00:00-04:00,31.329999923706055,31.780000686645508,31.049999237060547,31.290000915527344,31.290000915527344,74100
2021-06-24 00:00:00-04:00,31.610000610351562,33.09000015258789,31.149999618530273,32.93000030517578,32.93000030517578,121200
2021-06-25 00:00:00-04:00,33.029998779296875,33.900001525878906,32.90999984741211,32.95000076293945,32.95000076293945,294600
2021-06-28 00:00:00-04:00,32.810001373291016,32.849998474121094,31.610000610351562,31.739999771118164,31.739999771118164,88200
2021-06-29 00:00:00-04:00,31.940000534057617,32.029998779296875,31.510000228881836,31.579999923706055,31.579999923706055,38100
2021-06-30 00:00:00-04:00,31.40999984741211,32.56999969482422,31.270000457763672,32.150001525878906,32.150001525878906,51700
2021-07-01 00:00:00-04:00,32.59000015258789,32.77000045776367,32.310001373291016,32.650001525878906,32.650001525878906,39400
2021-07-02 00:00:00-04:00,32.86000061035156,36.290000915527344,31.979999542236328,35.650001525878906,35.650001525878906,828000
2021-07-06 00:00:00-04:00,35.599998474121094,35.599998474121094,33.290000915527344,33.31999969482422,33.31999969482422,355400
2021-07-07 00:00:00-04:00,33.630001068115234,33.900001525878906,32.84000015258789,33.13999938964844,33.13999938964844,150600
2021-07-08 00:00:00-04:00,32.81999969482422,33.29999923706055,32.279998779296875,32.689998626708984,32.689998626708984,106400
2021-07-09 00:00:00-04:00,33.38999938964844,33.900001525878906,32.97999954223633,33.599998474121094,33.599998474121094,103400
2021-07-12 00:00:00-04:00,33.61000061035156,34.2599983215332,33.11000061035156,33.9900016784668,33.9900016784668,164400
2021-07-13 00:00:00-04:00,33.93000030517578,33.959999084472656,33.0,33.06999969482422,33.06999969482422,74300
2021-07-14 00:00:00-04:00,33.27000045776367,33.43000030517578,33.0,33.220001220703125,33.220001220703125,66500
2021-07-15 00:00:00-04:00,33.0099983215332,33.650001525878906,33.0099983215332,33.45000076293945,33.45000076293945,58100
2021-07-16 00:00:00-04:00,33.810001373291016,33.849998474121094,32.79999923706055,32.939998626708984,32.939998626708984,83000
2021-07-19 00:00:00-04:00,32.06999969482422,32.720001220703125,31.59000015258789,32.099998474121094,32.099998474121094,104800
2021-07-20 00:00:00-04:00,32.380001068115234,33.849998474121094,32.380001068115234,33.08000183105469,33.08000183105469,112000
2021-07-21 00:00:00-04:00,33.4900016784668,33.90999984741211,33.22999954223633,33.529998779296875,33.529998779296875,69100
2021-07-22 00:00:00-04:00,33.18000030517578,35.0,33.18000030517578,34.119998931884766,34.119998931884766,101800
2021-07-23 00:00:00-04:00,34.72999954223633,35.90999984741211,33.43000030517578,35.689998626708984,35.689998626708984,126300
2021-07-26 00:00:00-04:00,35.900001525878906,36.52000045776367,35.7400016784668,35.91999816894531,35.91999816894531,72200
2021-07-27 00:00:00-04:00,35.709999084472656,36.7400016784668,35.060001373291016,36.689998626708984,36.689998626708984,98900
2021-07-28 00:00:00-04:00,37.22999954223633,37.939998626708984,36.130001068115234,37.5099983215332,37.5099983215332,96800
2021-07-29 00:00:00-04:00,37.9900016784668,39.0,37.349998474121094,38.939998626708984,38.939998626708984,125700
2021-07-30 00:00:00-04:00,38.88999938964844,39.40999984741211,38.310001373291016,38.83000183105469,38.83000183105469,119200
2021-08-02 00:00:00-04:00,39.2400016784668,40.0,38.54999923706055,38.79999923706055,38.79999923706055,119200
2021-08-03 00:00:00-04:00,38.7599983215332,39.459999084472656,38.25,39.290000915527344,39.290000915527344,105700
2021-08-04 00:00:00-04:00,38.66999816894531,39.52000045776367,38.5099983215332,38.68000030517578,38.68000030517578,58400
2021-08-05 00:00:00-04:00,39.099998474121094,39.709999084472656,38.790000915527344,39.0,39.0,46500
2021-08-06 00:00:00-04:00,39.33000183105469,39.560001373291016,38.72999954223633,39.400001525878906,39.400001525878906,42400
2021-08-09 00:00:00-04:00,39.27000045776367,39.720001220703125,38.790000915527344,39.06999969482422,39.06999969482422,45700
2021-08-10 00:00:00-04:00,39.189998626708984,41.189998626708984,38.709999084472656,41.02000045776367,41.02000045776367,121300
2021-08-11 00:00:00-04:00,41.40999984741211,42.709999084472656,40.4900016784668,42.66999816894531,42.66999816894531,106600
2021-08-12 00:00:00-04:00,43.20000076293945,43.540000915527344,42.79999923706055,43.41999816894531,43.41999816894531,163300
2021-08-13 00:00:00-04:00,43.54999923706055,44.0,42.47999954223633,43.369998931884766,43.369998931884766,116600
2021-08-16 00:00:00-04:00,42.9900016784668,43.2400016784668,41.29999923706055,41.869998931884766,41.869998931884766,100300
2021-08-17 00:00:00-04:00,41.33000183105469,41.33000183105469,40.0099983215332,40.31999969482422,40.31999969482422,77500
2021-08-18 00:00:00-04:00,40.2400016784668,41.400001525878906,39.619998931884766,40.380001068115234,40.380001068115234,73100
2021-08-19 00:00:00-04:00,39.7400016784668,40.27000045776367,39.43000030517578,39.95000076293945,39.95000076293945,77900
2021-08-20 00:00:00-04:00,39.970001220703125,40.7599983215332,39.95000076293945,40.099998474121094,40.099998474121094,120600
2021-08-23 00:00:00-04:00,40.65999984741211,40.65999984741211,39.459999084472656,39.880001068115234,39.880001068115234,82900
2021-08-24 00:00:00-04:00,39.91999816894531,40.5,39.290000915527344,39.560001373291016,39.560001373291016,64100
2021-08-25 00:00:00-04:00,39.79999923706055,39.95000076293945,38.900001525878906,39.27000045776367,39.27000045776367,69100
2021-08-26 00:00:00-04:00,39.0,39.09000015258789,37.849998474121094,37.91999816894531,37.91999816894531,104400
2021-08-27 00:00:00-04:00,37.970001220703125,38.97999954223633,37.970001220703125,38.90999984741211,38.90999984741211,131100
2021-08-30 00:00:00-04:00,39.0,39.18000030517578,37.79999923706055,37.83000183105469,37.83000183105469,80600
2021-08-31 00:00:00-04:00,37.93000030517578,37.95000076293945,36.7599983215332,37.0,37.0,180200
2021-09-01 00:00:00-04:00,37.11000061035156,37.150001525878906,35.459999084472656,36.529998779296875,36.529998779296875,154800
2021-09-02 00:00:00-04:00,36.619998931884766,36.88999938964844,36.209999084472656,36.4900016784668,36.4900016784668,91000
2021-09-03 00:00:00-04:00,36.540000915527344,36.540000915527344,35.36000061035156,36.04999923706055,36.04999923706055,102500
2021-09-07 00:00:00-04:00,36.029998779296875,36.06999969482422,35.22999954223633,35.279998779296875,35.279998779296875,87400
2021-09-08 00:00:00-04:00,35.20000076293945,35.95000076293945,34.4900016784668,35.709999084472656,35.709999084472656,104500
2021-09-09 00:00:00-04:00,35.79999923706055,36.060001373291016,34.849998474121094,35.060001373291016,35.060001373291016,116700
2021-09-10 00:00:00-04:00,35.279998779296875,35.54999923706055,34.7599983215332,34.959999084472656,34.959999084472656,86800
2021-09-13 00:00:00-04:00,35.08000183105469,35.63999938964844,34.70000076293945,35.529998779296875,35.529998779296875,77500
2021-09-14 00:00:00-04:00,35.880001068115234,35.880001068115234,34.5,34.939998626708984,34.939998626708984,137500
2021-09-15 00:00:00-04:00,35.0,35.38999938964844,34.619998931884766,35.209999084472656,35.209999084472656,88400
2021-09-16 00:00:00-04:00,35.15999984741211,35.15999984741211,34.5,34.810001373291016,34.810001373291016,82900
2021-09-17 00:00:00-04:00,34.95000076293945,35.040000915527344,34.0,34.59000015258789,34.59000015258789,353500
2021-09-20 00:00:00-04:00,33.900001525878906,34.0099983215332,33.220001220703125,33.81999969482422,33.81999969482422,109900
2021-09-21 00:00:00-04:00,34.310001373291016,34.52000045776367,33.52000045776367,34.11000061035156,34.11000061035156,78300
2021-09-22 00:00:00-04:00,34.560001373291016,35.619998931884766,34.560001373291016,35.209999084472656,35.209999084472656,47000
2021-09-23 00:00:00-04:00,35.41999816894531,37.189998626708984,35.22999954223633,36.83000183105469,36.83000183105469,96800
2021-09-24 00:00:00-04:00,36.310001373291016,37.9900016784668,36.25,37.68000030517578,37.68000030517578,99800
2021-09-27 00:00:00-04:00,38.0,40.02000045776367,37.79999923706055,39.599998474121094,39.599998474121094,112800
2021-09-28 00:00:00-04:00,39.0,39.369998931884766,38.27000045776367,38.5099983215332,38.5099983215332,81800
2021-09-29 00:00:00-04:00,38.900001525878906,39.439998626708984,38.310001373291016,39.290000915527344,39.290000915527344,62000
2021-09-30 00:00:00-04:00,39.11000061035156,39.66999816894531,37.900001525878906,38.04999923706055,38.04999923706055,75500
2021-10-01 00:00:00-04:00,38.34000015258789,39.45000076293945,37.68000030517578,39.0,39.0,84800
2021-10-04 00:00:00-04:00,38.93000030517578,38.95000076293945,37.560001373291016,38.040000915527344,38.040000915527344,84800
2021-10-05 00:00:00-04:00,38.0099983215332,38.59000015258789,37.2599983215332,38.529998779296875,38.529998779296875,92100
2021-10-06 00:00:00-04:00,37.93000030517578,38.689998626708984,37.2599983215332,38.310001373291016,38.310001373291016,48500
2021-10-07 00:00:00-04:00,38.650001525878906,39.810001373291016,38.650001525878906,39.560001373291016,39.560001373291016,49200
2021-10-08 00:00:00-04:00,39.369998931884766,39.619998931884766,39.02000045776367,39.18000030517578,39.18000030517578,33000
2021-10-11 00:00:00-04:00,39.459999084472656,39.869998931884766,39.08000183105469,39.5,39.5,37700
2021-10-12 00:00:00-04:00,39.68000030517578,39.95000076293945,39.43000030517578,39.59000015258789,39.59000015258789,55800
2021-10-13 00:00:00-04:00,39.59000015258789,39.86000061035156,39.13999938964844,39.5,39.5,43600
2021-10-14 00:00:00-04:00,39.86000061035156,40.5,39.689998626708984,39.900001525878906,39.900001525878906,49600
2021-10-15 00:00:00-04:00,40.72999954223633,40.88999938964844,39.2599983215332,39.40999984741211,39.40999984741211,93200
2021-10-18 00:00:00-04:00,39.150001525878906,39.619998931884766,39.040000915527344,39.52000045776367,39.52000045776367,51600
2021-10-19 00:00:00-04:00,39.88999938964844,39.88999938964844,37.7599983215332,38.0,38.0,74900
2021-10-20 00:00:00-04:00,38.0,38.720001220703125,37.310001373291016,38.16999816894531,38.16999816894531,67500
2021-10-21 00:00:00-04:00,38.189998626708984,38.959999084472656,37.0,37.5099983215332,37.5099983215332,90000
2021-10-22 00:00:00-04:00,37.40999984741211,37.4900016784668,35.779998779296875,36.38999938964844,36.38999938964844,207100
2021-10-25 00:00:00-04:00,36.93000030517578,38.130001068115234,36.349998474121094,38.11000061035156,38.11000061035156,169000
2021-10-26 00:00:00-04:00,38.34000015258789,38.790000915527344,37.560001373291016,38.540000915527344,38.540000915527344,116400
2021-10-27 00:00:00-04:00,38.65999984741211,39.220001220703125,38.040000915527344,38.279998779296875,38.279998779296875,64300
2021-10-28 00:00:00-04:00,38.45000076293945,40.540000915527344,38.13999938964844,40.47999954223633,40.47999954223633,93400
2021-10-29 00:00:00-04:00,40.400001525878906,40.7400016784668,39.939998626708984,40.66999816894531,40.66999816894531,75300
2021-11-01 00:00:00-04:00,40.95000076293945,41.7599983215332,40.349998474121094,41.630001068115234,41.630001068115234,76800
2021-11-02 00:00:00-04:00,41.779998779296875,41.779998779296875,40.34000015258789,40.560001373291016,40.560001373291016,70300
2021-11-03 00:00:00-04:00,40.5,41.41999816894531,40.20000076293945,41.279998779296875,41.279998779296875,67200
2021-11-04 00:00:00-04:00,41.349998474121094,41.79999923706055,40.650001525878906,41.27000045776367,41.27000045776367,70100
2021-11-05 00:00:00-04:00,41.5099983215332,42.93000030517578,41.5099983215332,42.869998931884766,42.869998931884766,68000
2021-11-08 00:00:00-05:00,43.439998626708984,44.220001220703125,43.310001373291016,43.84000015258789,43.84000015258789,78800
2021-11-09 00:00:00-05:00,44.0,44.22999954223633,43.09000015258789,44.029998779296875,44.029998779296875,54000
2021-11-10 00:00:00-05:00,43.86000061035156,44.189998626708984,43.209999084472656,43.400001525878906,43.400001525878906,62100
2021-11-11 00:00:00-05:00,43.400001525878906,44.29999923706055,43.06999969482422,43.959999084472656,43.959999084472656,49800
2021-11-12 00:00:00-05:00,44.0,44.5,43.29999923706055,43.34000015258789,43.34000015258789,42400
2021-11-15 00:00:00-05:00,43.54999923706055,43.7599983215332,43.0099983215332,43.33000183105469,43.33000183105469,88000
2021-11-16 00:00:00-05:00,43.41999816894531,43.41999816894531,42.790000915527344,43.2400016784668,43.2400016784668,53100
2021-11-17 00:00:00-05:00,44.25,45.599998474121094,43.77000045776367,45.459999084472656,45.459999084472656,171300
2021-11-18 00:00:00-05:00,45.40999984741211,45.65999984741211,44.369998931884766,45.29999923706055,45.29999923706055,88500
2021-11-19 00:00:00-05:00,44.91999816894531,45.22999954223633,44.54999923706055,44.709999084472656,44.709999084472656,69700
2021-11-22 00:00:00-05:00,44.86000061035156,46.5,44.20000076293945,45.54999923706055,45.54999923706055,88600
2021-11-23 00:00:00-05:00,45.45000076293945,45.95000076293945,44.689998626708984,45.709999084472656,45.709999084472656,82100
2021-11-24 00:00:00-05:00,45.689998626708984,46.2400016784668,45.11000061035156,46.16999816894531,46.16999816894531,60200
2021-11-26 00:00:00-05:00,45.20000076293945,45.41999816894531,43.2599983215332,44.619998931884766,44.619998931884766,79700
2021-11-29 00:00:00-05:00,45.83000183105469,45.83000183105469,43.220001220703125,43.36000061035156,43.36000061035156,87400
2021-11-30 00:00:00-05:00,43.119998931884766,43.15999984741211,41.349998474121094,42.15999984741211,42.15999984741211,172400
2021-12-01 00:00:00-05:00,41.220001220703125,42.529998779296875,40.099998474121094,40.189998626708984,40.189998626708984,97100
2021-12-02 00:00:00-05:00,40.7599983215332,42.029998779296875,40.47999954223633,41.720001220703125,41.720001220703125,66600
2021-12-03 00:00:00-05:00,41.68000030517578,41.7599983215332,40.97999954223633,41.40999984741211,41.40999984741211,53100
2021-12-06 00:00:00-05:00,41.5,41.81999969482422,40.38999938964844,40.61000061035156,40.61000061035156,83800
2021-12-07 00:00:00-05:00,41.209999084472656,41.54999923706055,40.83000183105469,40.970001220703125,40.970001220703125,61800
2021-12-08 00:00:00-05:00,41.27000045776367,41.27000045776367,40.290000915527344,40.34000015258789,40.34000015258789,58000
2021-12-09 00:00:00-05:00,39.97999954223633,39.97999954223633,38.689998626708984,38.7599983215332,38.7599983215332,87300
2021-12-10 00:00:00-05:00,39.22999954223633,39.22999954223633,37.66999816894531,38.02000045776367,38.02000045776367,89800
2021-12-13 00:00:00-05:00,38.0,38.540000915527344,37.20000076293945,37.90999984741211,37.90999984741211,100000
2021-12-14 00:00:00-05:00,37.72999954223633,39.189998626708984,37.61000061035156,38.7599983215332,38.7599983215332,141500
2021-12-15 00:00:00-05:00,38.65999984741211,39.47999954223633,37.88999938964844,39.33000183105469,39.33000183105469,149000
2021-12-16 00:00:00-05:00,39.88999938964844,40.20000076293945,38.5,38.599998474121094,38.599998474121094,119300
2021-12-17 00:00:00-05:00,38.70000076293945,39.02000045776367,37.84000015258789,37.97999954223633,37.97999954223633,639600
2021-12-20 00:00:00-05:00,37.56999969482422,37.72999954223633,36.02000045776367,37.15999984741211,37.15999984741211,127800
2021-12-21 00:00:00-05:00,37.38999938964844,38.13999938964844,37.18000030517578,38.09000015258789,38.09000015258789,97900
2021-12-22 00:00:00-05:00,38.2599983215332,39.09000015258789,37.86000061035156,38.970001220703125,38.970001220703125,62700
2021-12-23 00:00:00-05:00,38.97999954223633,39.52000045776367,38.75,38.81999969482422,38.81999969482422,139000
2021-12-27 00:00:00-05:00,39.0,40.2400016784668,38.619998931884766,40.18000030517578,40.18000030517578,45100
2021-12-28 00:00:00-05:00,39.77000045776367,40.31999969482422,39.619998931884766,39.939998626708984,39.939998626708984,42400
2021-12-29 00:00:00-05:00,39.939998626708984,40.15999984741211,39.619998931884766,39.970001220703125,39.970001220703125,48600
2021-12-30 00:00:00-05:00,39.97999954223633,40.2400016784668,39.5,39.529998779296875,39.529998779296875,34100
2021-12-31 00:00:00-05:00,39.31999969482422,40.06999969482422,39.2599983215332,39.810001373291016,39.810001373291016,61400
2022-01-03 00:00:00-05:00,39.91999816894531,41.290000915527344,39.810001373291016,40.06999969482422,40.06999969482422,77200
2022-01-04 00:00:00-05:00,40.5,41.09000015258789,40.22999954223633,40.369998931884766,40.369998931884766,63500
2022-01-05 00:00:00-05:00,40.65999984741211,44.59000015258789,40.34000015258789,42.5,42.5,575000
2022-01-06 00:00:00-05:00,43.380001068115234,43.400001525878906,42.099998474121094,42.220001220703125,42.220001220703125,144100
2022-01-07 00:00:00-05:00,42.540000915527344,42.68000030517578,41.20000076293945,41.2599983215332,41.2599983215332,91100
2022-01-10 00:00:00-05:00,41.0099983215332,41.619998931884766,40.4900016784668,40.68000030517578,40.68000030517578,82300
2022-01-11 00:00:00-05:00,40.939998626708984,41.06999969482422,39.599998474121094,40.9900016784668,40.9900016784668,93100
2022-01-12 00:00:00-05:00,41.310001373291016,41.75,40.5,41.06999969482422,41.06999969482422,92200
2022-01-13 00:00:00-05:00,41.189998626708984,42.15999984741211,41.13999938964844,41.400001525878906,41.400001525878906,66700
2022-01-14 00:00:00-05:00,41.0,41.0,40.15999984741211,40.650001525878906,40.650001525878906,92500
2022-01-18 00:00:00-05:00,40.34000015258789,40.34000015258789,39.5,39.54999923706055,39.54999923706055,123000
2022-01-19 00:00:00-05:00,39.70000076293945,39.93000030517578,38.68000030517578,39.09000015258789,39.09000015258789,138900
2022-01-20 00:00:00-05:00,40.0,40.68000030517578,38.810001373291016,39.459999084472656,39.459999084472656,198200
2022-01-21 00:00:00-05:00,40.0,40.90999984741211,39.47999954223633,39.79999923706055,39.79999923706055,196500
2022-01-24 00:00:00-05:00,39.45000076293945,41.13999938964844,39.29999923706055,40.33000183105469,40.33000183105469,259500
2022-01-25 00:00:00-05:00,39.689998626708984,39.689998626708984,37.540000915527344,38.209999084472656,38.209999084472656,184000
2022-01-26 00:00:00-05:00,38.779998779296875,39.04999923706055,37.2400016784668,37.720001220703125,37.720001220703125,115900
2022-01-27 00:00:00-05:00,37.720001220703125,38.209999084472656,36.79999923706055,37.11000061035156,37.11000061035156,122500
2022-01-28 00:00:00-05:00,36.869998931884766,37.0099983215332,35.7599983215332,36.689998626708984,36.689998626708984,138800
2022-01-31 00:00:00-05:00,36.290000915527344,37.86000061035156,35.5,37.83000183105469,37.83000183105469,395200
2022-02-01 00:00:00-05:00,38.22999954223633,39.900001525878906,37.880001068115234,39.84000015258789,39.84000015258789,146700
2022-02-02 00:00:00-05:00,39.849998474121094,40.27000045776367,39.150001525878906,39.900001525878906,39.900001525878906,137200
2022-02-03 00:00:00-05:00,39.58000183105469,39.650001525878906,38.5,38.72999954223633,38.72999954223633,78600
2022-02-04 00:00:00-05:00,38.650001525878906,39.0099983215332,37.869998931884766,38.459999084472656,38.459999084472656,90200
2022-02-07 00:00:00-05:00,38.2400016784668,39.09000015258789,38.18000030517578,38.77000045776367,38.77000045776367,81000
2022-02-08 00:00:00-05:00,38.47999954223633,39.7599983215332,38.47999954223633,39.209999084472656,39.209999084472656,66000
2022-02-09 00:00:00-05:00,39.5099983215332,39.7400016784668,38.95000076293945,39.0,39.0,96900
2022-02-10 00:00:00-05:00,38.560001373291016,38.72999954223633,37.09000015258789,37.33000183105469,37.33000183105469,95000
2022-02-11 00:00:00-05:00,37.470001220703125,38.380001068115234,37.119998931884766,37.4900016784668,37.4900016784668,140800
2022-02-14 00:00:00-05:00,37.79999923706055,38.41999816894531,37.66999816894531,38.11000061035156,38.11000061035156,74400
2022-02-15 00:00:00-05:00,38.29999923706055,39.02000045776367,38.29999923706055,38.540000915527344,38.540000915527344,80300
2022-02-16 00:00:00-05:00,38.709999084472656,39.650001525878906,38.630001068115234,39.4900016784668,39.4900016784668,49700
2022-02-17 00:00:00-05:00,38.869998931884766,39.33000183105469,38.52000045776367,38.63999938964844,38.63999938964844,48500
2022-02-18 00:00:00-05:00,38.380001068115234,38.970001220703125,37.959999084472656,38.27000045776367,38.27000045776367,49300
2022-02-22 00:00:00-05:00,37.630001068115234,38.31999969482422,36.36000061035156,36.4900016784668,36.4900016784668,136500
2022-02-23 00:00:00-05:00,36.779998779296875,37.20000076293945,35.91999816894531,36.0099983215332,36.0099983215332,74400
2022-02-24 00:00:00-05:00,35.5,35.9900016784668,35.11000061035156,35.939998626708984,35.939998626708984,78700
2022-02-25 00:00:00-05:00,35.95000076293945,37.29999923706055,35.95000076293945,37.13999938964844,37.13999938964844,52700
2022-02-28 00:00:00-05:00,36.4900016784668,37.29999923706055,36.4900016784668,37.11000061035156,37.11000061035156,84900
2022-03-01 00:00:00-05:00,36.959999084472656,37.040000915527344,36.06999969482422,36.40999984741211,36.40999984741211,97200
2022-03-02 00:00:00-05:00,36.709999084472656,38.13999938964844,36.470001220703125,37.79999923706055,37.79999923706055,60900
2022-03-03 00:00:00-05:00,37.88999938964844,38.06999969482422,36.91999816894531,37.380001068115234,37.380001068115234,54300
2022-03-04 00:00:00-05:00,36.86000061035156,38.060001373291016,36.720001220703125,37.93000030517578,37.93000030517578,100300
2022-03-07 00:00:00-05:00,38.150001525878906,39.310001373291016,38.09000015258789,38.54999923706055,38.54999923706055,89700
2022-03-08 00:00:00-05:00,38.380001068115234,38.779998779296875,37.56999969482422,38.20000076293945,38.20000076293945,67500
2022-03-09 00:00:00-05:00,38.689998626708984,39.2599983215332,38.41999816894531,39.2400016784668,39.2400016784668,62300
2022-03-10 00:00:00-05:00,38.54999923706055,40.349998474121094,38.54999923706055,40.2599983215332,40.2599983215332,74000
2022-03-11 00:00:00-05:00,40.310001373291016,41.099998474121094,38.58000183105469,38.689998626708984,38.689998626708984,71600
2022-03-14 00:00:00-04:00,38.970001220703125,38.970001220703125,37.09000015258789,37.279998779296875,37.279998779296875,76600
2022-03-15 00:00:00-04:00,37.4900016784668,37.88999938964844,36.970001220703125,37.61000061035156,37.61000061035156,112900
2022-03-16 00:00:00-04:00,38.0,38.79999923706055,37.95000076293945,38.58000183105469,38.58000183105469,70400
2022-03-17 00:00:00-04:00,38.40999984741211,39.18000030517578,38.40999984741211,38.9900016784668,38.9900016784668,43600
2022-03-18 00:00:00-04:00,38.70000076293945,39.040000915527344,37.849998474121094,38.41999816894531,38.41999816894531,128200
2022-03-21 00:00:00-04:00,38.66999816894531,39.08000183105469,38.52000045776367,38.93000030517578,38.93000030517578,48900
2022-03-22 00:00:00-04:00,39.369998931884766,39.810001373291016,39.0,39.54999923706055,39.54999923706055,93600
2022-03-23 00:00:00-04:00,39.16999816894531,39.2599983215332,38.47999954223633,38.68000030517578,38.68000030517578,51900
2022-03-24 00:00:00-04:00,38.61000061035156,39.36000061035156,38.58000183105469,39.2400016784668,39.2400016784668,80400
2022-03-25 00:00:00-04:00,39.43000030517578,39.529998779296875,38.0,38.25,38.25,67100
2022-03-28 00:00:00-04:00,38.0,38.06999969482422,37.349998474121094,38.06999969482422,38.06999969482422,46600
2022-03-29 00:00:00-04:00,38.459999084472656,38.880001068115234,37.97999954223633,38.529998779296875,38.529998779296875,99800
2022-03-30 00:00:00-04:00,38.58000183105469,39.20000076293945,38.16999816894531,38.279998779296875,38.279998779296875,69200
2022-03-31 00:00:00-04:00,38.310001373291016,38.68000030517578,36.95000076293945,36.9900016784668,36.9900016784668,90700
2022-04-01 00:00:00-04:00,37.439998626708984,37.56999969482422,36.349998474121094,37.09000015258789,37.09000015258789,135300
2022-04-04 00:00:00-04:00,37.11000061035156,37.11000061035156,36.2400016784668,36.689998626708984,36.689998626708984,87500
2022-04-05 00:00:00-04:00,36.43000030517578,36.63999938964844,35.40999984741211,35.599998474121094,35.599998474121094,109500
2022-04-06 00:00:00-04:00,35.400001525878906,35.779998779296875,35.060001373291016,35.2400016784668,35.2400016784668,118700
2022-04-07 00:00:00-04:00,35.439998626708984,35.709999084472656,35.2599983215332,35.5099983215332,35.5099983215332,97500
2022-04-08 00:00:00-04:00,35.75,36.349998474121094,35.5099983215332,35.81999969482422,35.81999969482422,70500
2022-04-11 00:00:00-04:00,35.81999969482422,36.349998474121094,35.61000061035156,35.790000915527344,35.790000915527344,71700
2022-04-12 00:00:00-04:00,36.13999938964844,36.9900016784668,36.119998931884766,36.38999938964844,36.38999938964844,84900
2022-04-13 00:00:00-04:00,36.40999984741211,37.61000061035156,36.40999984741211,37.380001068115234,37.380001068115234,70400
2022-04-14 00:00:00-04:00,37.369998931884766,37.68000030517578,37.08000183105469,37.11000061035156,37.11000061035156,57900
2022-04-18 00:00:00-04:00,37.11000061035156,38.7599983215332,37.11000061035156,38.68000030517578,38.68000030517578,92200
2022-04-19 00:00:00-04:00,38.5,40.349998474121094,38.5,40.220001220703125,40.220001220703125,122900
2022-04-20 00:00:00-04:00,40.59000015258789,41.04999923706055,39.279998779296875,40.09000015258789,40.09000015258789,140500
2022-04-21 00:00:00-04:00,42.58000183105469,46.150001525878906,42.52000045776367,43.86000061035156,43.86000061035156,358400
2022-04-22 00:00:00-04:00,43.86000061035156,45.70000076293945,42.15999984741211,42.790000915527344,42.790000915527344,239600
2022-04-25 00:00:00-04:00,42.08000183105469,43.970001220703125,41.22999954223633,43.959999084472656,43.959999084472656,154600
2022-04-26 00:00:00-04:00,44.0,44.439998626708984,41.880001068115234,41.90999984741211,41.90999984741211,157200
2022-04-27 00:00:00-04:00,42.279998779296875,42.310001373291016,40.7400016784668,41.849998474121094,41.849998474121094,137600
2022-04-28 00:00:00-04:00,42.349998474121094,43.380001068115234,41.060001373291016,42.88999938964844,42.88999938964844,85900
2022-04-29 00:00:00-04:00,42.4900016784668,42.959999084472656,42.130001068115234,42.41999816894531,42.41999816894531,96500
2022-05-02 00:00:00-04:00,42.65999984741211,44.06999969482422,41.959999084472656,43.279998779296875,43.279998779296875,128800
2022-05-03 00:00:00-04:00,43.59000015258789,45.16999816894531,43.0,45.040000915527344,45.040000915527344,103400
2022-05-04 00:00:00-04:00,45.84000015258789,47.70000076293945,45.22999954223633,47.38999938964844,47.38999938964844,155900
2022-05-05 00:00:00-04:00,46.59000015258789,46.59000015258789,44.65999984741211,45.22999954223633,45.22999954223633,85500
2022-05-06 00:00:00-04:00,44.75,44.79999923706055,43.41999816894531,44.56999969482422,44.56999969482422,89900
2022-05-09 00:00:00-04:00,44.099998474121094,44.75,42.81999969482422,42.91999816894531,42.91999816894531,120100
2022-05-10 00:00:00-04:00,43.52000045776367,43.90999984741211,41.099998474121094,41.709999084472656,41.709999084472656,101300
2022-05-11 00:00:00-04:00,41.529998779296875,42.33000183105469,40.220001220703125,40.400001525878906,40.400001525878906,83700
2022-05-12 00:00:00-04:00,40.029998779296875,41.34000015258789,39.79999923706055,40.7400016784668,40.7400016784668,151700
2022-05-13 00:00:00-04:00,41.470001220703125,41.880001068115234,40.84000015258789,41.08000183105469,41.08000183105469,87200
2022-05-16 00:00:00-04:00,41.0,41.619998931884766,40.02000045776367,41.380001068115234,41.380001068115234,90400
2022-05-17 00:00:00-04:00,41.959999084472656,43.40999984741211,41.619998931884766,43.11000061035156,43.11000061035156,182200
2022-05-18 00:00:00-04:00,42.95000076293945,45.560001373291016,41.18000030517578,41.560001373291016,41.560001373291016,216100
2022-05-19 00:00:00-04:00,41.18000030517578,41.599998474121094,40.27000045776367,40.939998626708984,40.939998626708984,216700
2022-05-20 00:00:00-04:00,41.369998931884766,41.369998931884766,38.86000061035156,39.86000061035156,39.86000061035156,161200
2022-05-23 00:00:00-04:00,40.279998779296875,41.119998931884766,39.95000076293945,40.470001220703125,40.470001220703125,76300
2022-05-24 00:00:00-04:00,40.20000076293945,40.20000076293945,38.47999954223633,38.970001220703125,38.970001220703125,106700
2022-05-25 00:00:00-04:00,38.970001220703125,39.880001068115234,38.630001068115234,39.279998779296875,39.279998779296875,172500
2022-05-26 00:00:00-04:00,39.52000045776367,40.04999923706055,39.060001373291016,39.81999969482422,39.81999969482422,132000
2022-05-27 00:00:00-04:00,40.2599983215332,41.2400016784668,40.0,41.13999938964844,41.13999938964844,58100
2022-05-31 00:00:00-04:00,41.119998931884766,41.790000915527344,40.38999938964844,41.40999984741211,41.40999984741211,445600
2022-06-01 00:00:00-04:00,41.56999969482422,42.83000183105469,41.040000915527344,42.54999923706055,42.54999923706055,99500
2022-06-02 00:00:00-04:00,42.43000030517578,43.720001220703125,42.43000030517578,43.52000045776367,43.52000045776367,87800
2022-06-03 00:00:00-04:00,43.40999984741211,43.40999984741211,41.72999954223633,42.560001373291016,42.560001373291016,61200
2022-06-06 00:00:00-04:00,43.08000183105469,43.9900016784668,42.7400016784668,43.27000045776367,43.27000045776367,78900
2022-06-07 00:00:00-04:00,42.790000915527344,43.75,42.349998474121094,43.66999816894531,43.66999816894531,103100
2022-06-08 00:00:00-04:00,43.70000076293945,43.959999084472656,43.18000030517578,43.709999084472656,43.709999084472656,75300
2022-06-09 00:00:00-04:00,43.36000061035156,43.54999923706055,42.619998931884766,42.779998779296875,42.779998779296875,66700
2022-06-10 00:00:00-04:00,42.25,42.25,40.31999969482422,40.689998626708984,40.689998626708984,96000
2022-06-13 00:00:00-04:00,39.810001373291016,40.150001525878906,38.83000183105469,39.04999923706055,39.04999923706055,112000
2022-06-14 00:00:00-04:00,39.25,39.43000030517578,38.2599983215332,38.689998626708984,38.689998626708984,107400
2022-06-15 00:00:00-04:00,39.189998626708984,39.33000183105469,37.75,38.45000076293945,38.45000076293945,143700
2022-06-16 00:00:00-04:00,37.86000061035156,37.86000061035156,35.20000076293945,35.45000076293945,35.45000076293945,200500
2022-06-17 00:00:00-04:00,36.04999923706055,36.04999923706055,34.310001373291016,34.34000015258789,34.34000015258789,312200
2022-06-21 00:00:00-04:00,34.88999938964844,35.380001068115234,34.25,35.09000015258789,35.09000015258789,85200
2022-06-22 00:00:00-04:00,34.189998626708984,34.88999938964844,33.5,34.58000183105469,34.58000183105469,103500
2022-06-23 00:00:00-04:00,34.470001220703125,35.130001068115234,33.130001068115234,33.45000076293945,33.45000076293945,105600
2022-06-24 00:00:00-04:00,33.65999984741211,35.130001068115234,33.599998474121094,33.970001220703125,33.970001220703125,608200
2022-06-27 00:00:00-04:00,34.25,35.40999984741211,33.91999816894531,35.0099983215332,35.0099983215332,111000
2022-06-28 00:00:00-04:00,35.16999816894531,35.400001525878906,34.13999938964844,34.25,34.25,96300
2022-06-29 00:00:00-04:00,34.29999923706055,34.29999923706055,33.25,33.779998779296875,33.779998779296875,122800
2022-06-30 00:00:00-04:00,33.09000015258789,33.91999816894531,32.709999084472656,33.66999816894531,33.66999816894531,128200
2022-07-01 00:00:00-04:00,33.720001220703125,36.16999816894531,33.720001220703125,35.7400016784668,35.7400016784668,172900
2022-07-05 00:00:00-04:00,35.43000030517578,35.599998474121094,34.349998474121094,35.09000015258789,35.09000015258789,99300
2022-07-06 00:00:00-04:00,34.810001373291016,35.09000015258789,33.779998779296875,34.7599983215332,34.7599983215332,56000
2022-07-07 00:00:00-04:00,35.119998931884766,35.77000045776367,34.970001220703125,35.709999084472656,35.709999084472656,79000
2022-07-08 00:00:00-04:00,35.599998474121094,36.0,35.18000030517578,35.77000045776367,35.77000045776367,47400
2022-07-11 00:00:00-04:00,35.41999816894531,36.0099983215332,35.41999816894531,35.7599983215332,35.7599983215332,52100
2022-07-12 00:00:00-04:00,35.650001525878906,36.47999954223633,35.650001525878906,35.97999954223633,35.97999954223633,73300
2022-07-13 00:00:00-04:00,35.630001068115234,36.16999816894531,35.220001220703125,35.65999984741211,35.65999984741211,77100
2022-07-14 00:00:00-04:00,35.16999816894531,36.029998779296875,34.79999923706055,35.88999938964844,35.88999938964844,55400
2022-07-15 00:00:00-04:00,36.529998779296875,36.529998779296875,35.84000015258789,36.2400016784668,36.2400016784668,64900
2022-07-18 00:00:00-04:00,36.41999816894531,37.65999984741211,36.41999816894531,37.599998474121094,37.599998474121094,110500
2022-07-19 00:00:00-04:00,37.970001220703125,39.470001220703125,37.970001220703125,39.290000915527344,39.290000915527344,86600
2022-07-20 00:00:00-04:00,39.52000045776367,41.0099983215332,39.18000030517578,40.810001373291016,40.810001373291016,129400
2022-07-21 00:00:00-04:00,39.5,39.619998931884766,33.5099983215332,34.459999084472656,34.459999084472656,718800
2022-07-22 00:00:00-04:00,34.209999084472656,34.459999084472656,31.68000030517578,31.950000762939453,31.950000762939453,333700
2022-07-25 00:00:00-04:00,31.899999618530273,32.040000915527344,30.59000015258789,30.610000610351562,30.610000610351562,337400
2022-07-26 00:00:00-04:00,30.59000015258789,31.469999313354492,30.139999389648438,30.790000915527344,30.790000915527344,155100
2022-07-27 00:00:00-04:00,30.690000534057617,31.649999618530273,29.889999389648438,31.440000534057617,31.440000534057617,225500
2022-07-28 00:00:00-04:00,31.350000381469727,31.700000762939453,30.75,31.450000762939453,31.450000762939453,143200
2022-07-29 00:00:00-04:00,31.329999923706055,31.700000762939453,30.90999984741211,31.299999237060547,31.299999237060547,136100
2022-08-01 00:00:00-04:00,31.139999389648438,31.229999542236328,30.40999984741211,30.84000015258789,30.84000015258789,167100
2022-08-02 00:00:00-04:00,30.149999618530273,30.350000381469727,29.15999984741211,30.040000915527344,30.040000915527344,305800
2022-08-03 00:00:00-04:00,30.0,30.0,29.059999465942383,29.100000381469727,29.100000381469727,134100
2022-08-04 00:00:00-04:00,29.049999237060547,29.719999313354492,28.969999313354492,29.459999084472656,29.459999084472656,138400
2022-08-05 00:00:00-04:00,29.31999969482422,30.110000610351562,29.18000030517578,29.670000076293945,29.670000076293945,83200
2022-08-08 00:00:00-04:00,29.65999984741211,30.25,29.420000076293945,30.09000015258789,30.09000015258789,200500
2022-08-09 00:00:00-04:00,29.770000457763672,30.139999389648438,29.440000534057617,29.610000610351562,29.610000610351562,133000
2022-08-10 00:00:00-04:00,29.989999771118164,31.059999465942383,29.610000610351562,30.729999542236328,30.729999542236328,155300
2022-08-11 00:00:00-04:00,31.079999923706055,31.760000228881836,30.940000534057617,31.43000030517578,31.43000030517578,87500
2022-08-12 00:00:00-04:00,31.6200008392334,32.689998626708984,31.6200008392334,32.540000915527344,32.540000915527344,107300
2022-08-15 00:00:00-04:00,32.22999954223633,32.97999954223633,32.22999954223633,32.77000045776367,32.77000045776367,107800
2022-08-16 00:00:00-04:00,32.83000183105469,33.22999954223633,32.31999969482422,32.5,32.5,127500
2022-08-17 00:00:00-04:00,32.2400016784668,32.2400016784668,31.469999313354492,31.850000381469727,31.850000381469727,67600
2022-08-18 00:00:00-04:00,32.029998779296875,32.43000030517578,31.899999618530273,32.380001068115234,32.380001068115234,80300
2022-08-19 00:00:00-04:00,32.290000915527344,32.290000915527344,31.3700008392334,31.829999923706055,31.829999923706055,89200
2022-08-22 00:00:00-04:00,31.5,31.5,30.610000610351562,31.030000686645508,31.030000686645508,95600
2022-08-23 00:00:00-04:00,31.170000076293945,31.75,31.1200008392334,31.290000915527344,31.290000915527344,65000
2022-08-24 00:00:00-04:00,31.170000076293945,31.290000915527344,30.90999984741211,31.15999984741211,31.15999984741211,47800
2022-08-25 00:00:00-04:00,31.200000762939453,31.739999771118164,30.950000762939453,31.56999969482422,31.56999969482422,43000
2022-08-26 00:00:00-04:00,31.56999969482422,31.56999969482422,30.309999465942383,30.360000610351562,30.360000610351562,50800
2022-08-29 00:00:00-04:00,30.18000030517578,30.31999969482422,29.850000381469727,29.8700008392334,29.8700008392334,49800
2022-08-30 00:00:00-04:00,30.100000381469727,30.100000381469727,29.290000915527344,29.56999969482422,29.56999969482422,74200
2022-08-31 00:00:00-04:00,29.90999984741211,29.90999984741211,28.770000457763672,28.899999618530273,28.899999618530273,192600
2022-09-01 00:00:00-04:00,28.75,28.829999923706055,27.65999984741211,28.100000381469727,28.100000381469727,130500
2022-09-02 00:00:00-04:00,28.399999618530273,28.920000076293945,27.700000762939453,28.049999237060547,28.049999237060547,108900
2022-09-06 00:00:00-04:00,27.780000686645508,28.229999542236328,27.270000457763672,27.579999923706055,27.579999923706055,233300
2022-09-07 00:00:00-04:00,27.420000076293945,28.200000762939453,26.940000534057617,28.15999984741211,28.15999984741211,144500
2022-09-08 00:00:00-04:00,28.049999237060547,28.670000076293945,27.559999465942383,28.209999084472656,28.209999084472656,66500
2022-09-09 00:00:00-04:00,28.43000030517578,29.329999923706055,28.399999618530273,29.209999084472656,29.209999084472656,70700
2022-09-12 00:00:00-04:00,29.469999313354492,29.989999771118164,29.059999465942383,29.280000686645508,29.280000686645508,74800
2022-09-13 00:00:00-04:00,28.440000534057617,28.850000381469727,27.760000228881836,27.940000534057617,27.940000534057617,66900
2022-09-14 00:00:00-04:00,27.940000534057617,27.940000534057617,27.06999969482422,27.309999465942383,27.309999465942383,96800
2022-09-15 00:00:00-04:00,27.280000686645508,28.329999923706055,26.969999313354492,28.110000610351562,28.110000610351562,86400
2022-09-16 00:00:00-04:00,27.559999465942383,28.209999084472656,27.049999237060547,27.729999542236328,27.729999542236328,299200
2022-09-19 00:00:00-04:00,27.600000381469727,28.270000457763672,27.59000015258789,27.93000030517578,27.93000030517578,124600
2022-09-20 00:00:00-04:00,27.68000030517578,27.739999771118164,26.969999313354492,27.239999771118164,27.239999771118164,74200
2022-09-21 00:00:00-04:00,27.59000015258789,28.1200008392334,27.469999313354492,27.520000457763672,27.520000457763672,88900
2022-09-22 00:00:00-04:00,27.450000762939453,27.5,26.829999923706055,26.989999771118164,26.989999771118164,57500
2022-09-23 00:00:00-04:00,26.799999237060547,27.1200008392334,26.229999542236328,26.610000610351562,26.610000610351562,76400
2022-09-26 00:00:00-04:00,26.6299991607666,26.780000686645508,26.1200008392334,26.31999969482422,26.31999969482422,47100
2022-09-27 00:00:00-04:00,26.8700008392334,27.1299991607666,26.020000457763672,26.200000762939453,26.200000762939453,121100
2022-09-28 00:00:00-04:00,26.540000915527344,27.75,26.510000228881836,27.3700008392334,27.3700008392334,120600
2022-09-29 00:00:00-04:00,26.93000030517578,27.110000610351562,26.25,26.780000686645508,26.780000686645508,85000
2022-09-30 00:00:00-04:00,26.75,27.31999969482422,26.469999313354492,26.530000686645508,26.530000686645508,122500
2022-10-03 00:00:00-04:00,27.049999237060547,27.709999084472656,26.420000076293945,27.389999389648438,27.389999389648438,91700
2022-10-04 00:00:00-04:00,27.8700008392334,28.860000610351562,27.600000381469727,28.6200008392334,28.6200008392334,132100
2022-10-05 00:00:00-04:00,28.110000610351562,28.5,27.559999465942383,28.0,28.0,56900
2022-10-06 00:00:00-04:00,27.65999984741211,28.31999969482422,27.65999984741211,28.139999389648438,28.139999389648438,53600
2022-10-07 00:00:00-04:00,27.8799991607666,28.06999969482422,27.309999465942383,27.440000534057617,27.440000534057617,66500
2022-10-10 00:00:00-04:00,27.649999618530273,28.1200008392334,27.549999237060547,27.959999084472656,27.959999084472656,69700
2022-10-11 00:00:00-04:00,27.8700008392334,28.270000457763672,27.43000030517578,27.780000686645508,27.780000686645508,91400
2022-10-12 00:00:00-04:00,27.729999542236328,27.75,27.15999984741211,27.549999237060547,27.549999237060547,143000
2022-10-13 00:00:00-04:00,27.709999084472656,29.030000686645508,27.34000015258789,28.709999084472656,28.709999084472656,163800
2022-10-14 00:00:00-04:00,28.860000610351562,28.889999389648438,27.079999923706055,27.3799991607666,27.3799991607666,88200
2022-10-17 00:00:00-04:00,27.889999389648438,28.469999313354492,27.68000030517578,28.020000457763672,28.020000457763672,130800
2022-10-18 00:00:00-04:00,28.610000610351562,28.959999084472656,28.200000762939453,28.559999465942383,28.559999465942383,72900
2022-10-19 00:00:00-04:00,28.450000762939453,28.450000762939453,27.239999771118164,27.739999771118164,27.739999771118164,95900
2022-10-20 00:00:00-04:00,26.989999771118164,27.770000457763672,26.110000610351562,26.360000610351562,26.360000610351562,232100
2022-10-21 00:00:00-04:00,26.469999313354492,26.469999313354492,24.0,25.34000015258789,25.34000015258789,205300
2022-10-24 00:00:00-04:00,25.34000015258789,26.690000534057617,25.260000228881836,25.799999237060547,25.799999237060547,193300
2022-10-25 00:00:00-04:00,25.709999084472656,26.040000915527344,25.209999084472656,25.260000228881836,25.260000228881836,141000
2022-10-26 00:00:00-04:00,25.59000015258789,26.610000610351562,24.770000457763672,25.969999313354492,25.969999313354492,153900
2022-10-27 00:00:00-04:00,26.299999237060547,27.530000686645508,26.190000534057617,26.559999465942383,26.559999465942383,100000
2022-10-28 00:00:00-04:00,26.81999969482422,27.3799991607666,26.520000457763672,27.149999618530273,27.149999618530273,100700
2022-10-31 00:00:00-04:00,26.81999969482422,27.209999084472656,26.309999465942383,26.350000381469727,26.350000381469727,100500
2022-11-01 00:00:00-04:00,26.770000457763672,26.850000381469727,25.709999084472656,26.06999969482422,26.06999969482422,132100
2022-11-02 00:00:00-04:00,26.079999923706055,26.110000610351562,24.989999771118164,25.0,25.0,164400
2022-11-03 00:00:00-04:00,25.0,25.510000228881836,24.600000381469727,24.920000076293945,24.920000076293945,110500
2022-11-04 00:00:00-04:00,25.329999923706055,25.719999313354492,25.010000228881836,25.15999984741211,25.15999984741211,129900
2022-11-07 00:00:00-05:00,25.31999969482422,25.889999389648438,25.049999237060547,25.790000915527344,25.790000915527344,106100
2022-11-08 00:00:00-05:00,25.799999237060547,26.299999237060547,25.670000076293945,26.010000228881836,26.010000228881836,200300
2022-11-09 00:00:00-05:00,25.8799991607666,26.40999984741211,25.6200008392334,25.850000381469727,25.850000381469727,88200
2022-11-10 00:00:00-05:00,26.8700008392334,28.440000534057617,26.8700008392334,27.979999542236328,27.979999542236328,101200
2022-11-11 00:00:00-05:00,28.139999389648438,28.520000457763672,27.469999313354492,27.6299991607666,27.6299991607666,93400
2022-11-14 00:00:00-05:00,27.280000686645508,27.31999969482422,26.59000015258789,26.6299991607666,26.6299991607666,69700
2022-11-15 00:00:00-05:00,26.809999465942383,27.8799991607666,26.809999465942383,27.649999618530273,27.649999618530273,98200
2022-11-16 00:00:00-05:00,27.899999618530273,29.989999771118164,27.899999618530273,28.479999542236328,28.479999542236328,228300
2022-11-17 00:00:00-05:00,28.190000534057617,28.729999542236328,27.709999084472656,28.389999389648438,28.389999389648438,139500
2022-11-18 00:00:00-05:00,29.0,29.100000381469727,27.489999771118164,27.899999618530273,27.899999618530273,138800
2022-11-21 00:00:00-05:00,27.940000534057617,28.440000534057617,27.59000015258789,28.010000228881836,28.010000228881836,106300
2022-11-22 00:00:00-05:00,28.309999465942383,28.600000381469727,28.1299991607666,28.479999542236328,28.479999542236328,102900
2022-11-23 00:00:00-05:00,28.479999542236328,28.540000915527344,28.040000915527344,28.219999313354492,28.219999313354492,98400
2022-11-25 00:00:00-05:00,28.440000534057617,28.959999084472656,28.34000015258789,28.40999984741211,28.40999984741211,35100
2022-11-28 00:00:00-05:00,28.260000228881836,28.600000381469727,28.049999237060547,28.5,28.5,136600
2022-11-29 00:00:00-05:00,28.510000228881836,29.270000457763672,28.510000228881836,28.889999389648438,28.889999389648438,91900
2022-11-30 00:00:00-05:00,29.0,29.489999771118164,28.309999465942383,29.489999771118164,29.489999771118164,98400
2022-12-01 00:00:00-05:00,29.549999237060547,30.110000610351562,29.3700008392334,29.969999313354492,29.969999313354492,94200
2022-12-02 00:00:00-05:00,29.350000381469727,30.100000381469727,29.170000076293945,29.780000686645508,29.780000686645508,105500
2022-12-05 00:00:00-05:00,29.790000915527344,29.790000915527344,28.959999084472656,29.59000015258789,29.59000015258789,137300
2022-12-06 00:00:00-05:00,29.600000381469727,30.110000610351562,28.920000076293945,29.610000610351562,29.610000610351562,161600
2022-12-07 00:00:00-05:00,29.739999771118164,30.969999313354492,29.6299991607666,29.8799991607666,29.8799991607666,316400
2022-12-08 00:00:00-05:00,27.829999923706055,28.5,27.469999313354492,28.280000686645508,28.280000686645508,163000
2022-12-09 00:00:00-05:00,28.25,28.709999084472656,27.959999084472656,28.239999771118164,28.239999771118164,136700
2022-12-12 00:00:00-05:00,27.920000076293945,28.270000457763672,26.90999984741211,27.079999923706055,27.079999923706055,166700
2022-12-13 00:00:00-05:00,27.940000534057617,28.5,26.8799991607666,27.1299991607666,27.1299991607666,283300
2022-12-14 00:00:00-05:00,27.059999465942383,27.270000457763672,26.3700008392334,26.65999984741211,26.65999984741211,137800
2022-12-15 00:00:00-05:00,26.270000457763672,26.31999969482422,25.3799991607666,25.6200008392334,25.6200008392334,176500
2022-12-16 00:00:00-05:00,25.209999084472656,25.3700008392334,24.420000076293945,24.510000228881836,24.510000228881836,668700
2022-12-19 00:00:00-05:00,24.739999771118164,25.600000381469727,24.739999771118164,25.579999923706055,25.579999923706055,115800
2022-12-20 00:00:00-05:00,25.600000381469727,26.5,25.360000610351562,26.34000015258789,26.34000015258789,109600
2022-12-21 00:00:00-05:00,26.670000076293945,27.3799991607666,26.670000076293945,27.3799991607666,27.3799991607666,128100
2022-12-22 00:00:00-05:00,27.020000457763672,27.43000030517578,26.579999923706055,27.389999389648438,27.389999389648438,123800
2022-12-23 00:00:00-05:00,27.420000076293945,27.520000457763672,26.81999969482422,27.030000686645508,27.030000686645508,91800
2022-12-27 00:00:00-05:00,26.899999618530273,27.559999465942383,26.81999969482422,27.479999542236328,27.479999542236328,98900
2022-12-28 00:00:00-05:00,27.309999465942383,27.510000228881836,27.020000457763672,27.09000015258789,27.09000015258789,81000
2022-12-29 00:00:00-05:00,27.25,28.0,27.079999923706055,27.989999771118164,27.989999771118164,98100
2022-12-30 00:00:00-05:00,27.43000030517578,27.780000686645508,27.149999618530273,27.520000457763672,27.520000457763672,102400
2023-01-03 00:00:00-05:00,27.739999771118164,28.350000381469727,27.610000610351562,28.229999542236328,28.229999542236328,207000
2023-01-04 00:00:00-05:00,28.489999771118164,29.729999542236328,28.489999771118164,29.149999618530273,29.149999618530273,227600
2023-01-05 00:00:00-05:00,28.969999313354492,28.969999313354492,27.239999771118164,27.959999084472656,27.959999084472656,169200
2023-01-06 00:00:00-05:00,28.1299991607666,29.790000915527344,28.1299991607666,29.260000228881836,29.260000228881836,114300
2023-01-09 00:00:00-05:00,29.559999465942383,29.860000610351562,28.719999313354492,28.739999771118164,28.739999771118164,69300
2023-01-10 00:00:00-05:00,28.719999313354492,29.989999771118164,28.719999313354492,29.889999389648438,29.889999389648438,122400
2023-01-11 00:00:00-05:00,30.0,30.8700008392334,29.950000762939453,30.799999237060547,30.799999237060547,122300
2023-01-12 00:00:00-05:00,31.0,31.450000762939453,30.719999313354492,31.3700008392334,31.3700008392334,135800
2023-01-13 00:00:00-05:00,31.0,31.809999465942383,31.0,31.670000076293945,31.670000076293945,70600
2023-01-17 00:00:00-05:00,31.8799991607666,32.040000915527344,30.700000762939453,31.139999389648438,31.139999389648438,102100
2023-01-18 00:00:00-05:00,31.510000228881836,31.690000534057617,30.93000030517578,31.030000686645508,31.030000686645508,114900
2023-01-19 00:00:00-05:00,27.709999084472656,28.440000534057617,26.149999618530273,26.889999389648438,26.889999389648438,634100
2023-01-20 00:00:00-05:00,27.5,28.760000228881836,27.209999084472656,27.860000610351562,27.860000610351562,286200
2023-01-23 00:00:00-05:00,27.729999542236328,28.739999771118164,27.729999542236328,28.06999969482422,28.06999969482422,164100
2023-01-24 00:00:00-05:00,27.920000076293945,29.100000381469727,27.81999969482422,28.540000915527344,28.540000915527344,110000
2023-01-25 00:00:00-05:00,28.510000228881836,29.860000610351562,28.40999984741211,29.43000030517578,29.43000030517578,122400
2023-01-26 00:00:00-05:00,29.43000030517578,29.770000457763672,29.030000686645508,29.479999542236328,29.479999542236328,111200
2023-01-27 00:00:00-05:00,29.709999084472656,30.299999237060547,29.450000762939453,30.09000015258789,30.09000015258789,122300
2023-01-30 00:00:00-05:00,29.649999618530273,29.959999084472656,29.06999969482422,29.110000610351562,29.110000610351562,86500
2023-01-31 00:00:00-05:00,29.200000762939453,30.1299991607666,29.149999618530273,29.989999771118164,29.989999771118164,307200
2023-02-01 00:00:00-05:00,30.049999237060547,30.920000076293945,29.719999313354492,30.5,30.5,109300
2023-02-02 00:00:00-05:00,30.59000015258789,31.31999969482422,30.510000228881836,31.280000686645508,31.280000686645508,96800
2023-02-03 00:00:00-05:00,30.829999923706055,31.459999084472656,30.6299991607666,30.940000534057617,30.940000534057617,110700
2023-02-06 00:00:00-05:00,30.690000534057617,31.170000076293945,30.110000610351562,30.15999984741211,30.15999984741211,123200
2023-02-07 00:00:00-05:00,30.09000015258789,31.1299991607666,29.850000381469727,30.770000457763672,30.770000457763672,105200
2023-02-08 00:00:00-05:00,30.6299991607666,30.809999465942383,30.0,30.1200008392334,30.1200008392334,68700
2023-02-09 00:00:00-05:00,30.3700008392334,30.600000381469727,29.34000015258789,29.520000457763672,29.520000457763672,71700
2023-02-10 00:00:00-05:00,29.219999313354492,29.649999618530273,29.18000030517578,29.309999465942383,29.309999465942383,53200
2023-02-13 00:00:00-05:00,29.440000534057617,30.200000762939453,29.440000534057617,30.059999465942383,30.059999465942383,64000
2023-02-14 00:00:00-05:00,29.829999923706055,30.440000534057617,29.5,30.270000457763672,30.270000457763672,70300
2023-02-15 00:00:00-05:00,29.889999389648438,30.639999389648438,29.889999389648438,30.200000762939453,30.200000762939453,142300
2023-02-16 00:00:00-05:00,29.84000015258789,30.110000610351562,29.6299991607666,29.690000534057617,29.690000534057617,85400
2023-02-17 00:00:00-05:00,29.81999969482422,30.030000686645508,29.469999313354492,29.729999542236328,29.729999542236328,76100
2023-02-21 00:00:00-05:00,29.3700008392334,29.469999313354492,28.43000030517578,28.579999923706055,28.579999923706055,96800
2023-02-22 00:00:00-05:00,28.579999923706055,28.969999313354492,28.360000610351562,28.600000381469727,28.600000381469727,104500
2023-02-23 00:00:00-05:00,28.850000381469727,29.209999084472656,28.56999969482422,28.979999542236328,28.979999542236328,71900
2023-02-24 00:00:00-05:00,28.440000534057617,29.260000228881836,28.34000015258789,29.229999542236328,29.229999542236328,64200
2023-02-27 00:00:00-05:00,29.579999923706055,30.1200008392334,29.190000534057617,29.65999984741211,29.65999984741211,71400
2023-02-28 00:00:00-05:00,29.540000915527344,29.889999389648438,29.299999237060547,29.75,29.75,121000
2023-03-01 00:00:00-05:00,29.719999313354492,30.3700008392334,29.719999313354492,30.350000381469727,30.350000381469727,67700
2023-03-02 00:00:00-05:00,30.15999984741211,30.6299991607666,30.020000457763672,30.479999542236328,30.479999542236328,57000
2023-03-03 00:00:00-05:00,30.639999389648438,30.770000457763672,30.040000915527344,30.690000534057617,30.690000534057617,58600
2023-03-06 00:00:00-05:00,30.59000015258789,30.59000015258789,28.780000686645508,29.149999618530273,29.149999618530273,116700
2023-03-07 00:00:00-05:00,29.149999618530273,29.25,28.75,29.030000686645508,29.030000686645508,81400
2023-03-08 00:00:00-05:00,29.229999542236328,29.6200008392334,29.0,29.600000381469727,29.600000381469727,54000
2023-03-09 00:00:00-05:00,29.719999313354492,29.719999313354492,28.709999084472656,28.760000228881836,28.760000228881836,81900
2023-03-10 00:00:00-05:00,28.649999618530273,28.649999618530273,27.469999313354492,27.5,27.5,140800
2023-03-13 00:00:00-04:00,27.270000457763672,27.770000457763672,26.809999465942383,27.170000076293945,27.170000076293945,94500
2023-03-14 00:00:00-04:00,28.110000610351562,28.200000762939453,27.3799991607666,27.770000457763672,27.770000457763672,96700
2023-03-15 00:00:00-04:00,27.06999969482422,27.290000915527344,26.209999084472656,27.030000686645508,27.030000686645508,119100
2023-03-16 00:00:00-04:00,26.700000762939453,27.719999313354492,26.34000015258789,27.510000228881836,27.510000228881836,95100
2023-03-17 00:00:00-04:00,27.3700008392334,27.420000076293945,26.719999313354492,27.079999923706055,27.079999923706055,308700
2023-03-20 00:00:00-04:00,27.3799991607666,27.639999389648438,27.110000610351562,27.1299991607666,27.1299991607666,77700
2023-03-21 00:00:00-04:00,27.649999618530273,28.18000030517578,27.459999084472656,27.809999465942383,27.809999465942383,105000
2023-03-22 00:00:00-04:00,27.799999237060547,27.950000762939453,26.770000457763672,26.799999237060547,26.799999237060547,61000
2023-03-23 00:00:00-04:00,26.93000030517578,27.239999771118164,26.239999771118164,26.56999969482422,26.56999969482422,61500
2023-03-24 00:00:00-04:00,26.399999618530273,27.18000030517578,26.06999969482422,27.079999923706055,27.079999923706055,50800
2023-03-27 00:00:00-04:00,27.5,27.889999389648438,27.309999465942383,27.65999984741211,27.65999984741211,48700
2023-03-28 00:00:00-04:00,27.600000381469727,27.75,27.329999923706055,27.729999542236328,27.729999542236328,59800
2023-03-29 00:00:00-04:00,28.049999237060547,28.170000076293945,27.5,27.81999969482422,27.81999969482422,80200
2023-03-30 00:00:00-04:00,28.09000015258789,28.09000015258789,27.5,27.65999984741211,27.65999984741211,47300
2023-03-31 00:00:00-04:00,27.899999618530273,28.040000915527344,27.459999084472656,27.81999969482422,27.81999969482422,95700
2023-04-03 00:00:00-04:00,27.760000228881836,28.139999389648438,27.31999969482422,27.84000015258789,27.84000015258789,83700
2023-04-04 00:00:00-04:00,28.010000228881836,28.049999237060547,26.809999465942383,26.920000076293945,26.920000076293945,68900
2023-04-05 00:00:00-04:00,26.81999969482422,27.0,26.280000686645508,26.489999771118164,26.489999771118164,63400
2023-04-06 00:00:00-04:00,26.610000610351562,26.610000610351562,26.270000457763672,26.440000534057617,26.440000534057617,44200
2023-04-10 00:00:00-04:00,26.299999237060547,27.350000381469727,26.299999237060547,27.170000076293945,27.170000076293945,93100
2023-04-11 00:00:00-04:00,27.34000015258789,27.84000015258789,27.299999237060547,27.510000228881836,27.510000228881836,74400
2023-04-12 00:00:00-04:00,27.84000015258789,27.84000015258789,27.3700008392334,27.59000015258789,27.59000015258789,76400
2023-04-13 00:00:00-04:00,27.709999084472656,27.950000762939453,27.420000076293945,27.860000610351562,27.860000610351562,37300
2023-04-14 00:00:00-04:00,27.93000030517578,28.110000610351562,27.309999465942383,27.649999618530273,27.649999618530273,43200
2023-04-17 00:00:00-04:00,27.770000457763672,27.850000381469727,27.56999969482422,27.610000610351562,27.610000610351562,46500
2023-04-18 00:00:00-04:00,27.770000457763672,28.06999969482422,27.59000015258789,27.760000228881836,27.760000228881836,51600
2023-04-19 00:00:00-04:00,27.709999084472656,28.139999389648438,27.670000076293945,27.719999313354492,27.719999313354492,68900
2023-04-20 00:00:00-04:00,26.219999313354492,28.3700008392334,25.440000534057617,28.34000015258789,28.34000015258789,119100
2023-04-21 00:00:00-04:00,28.850000381469727,29.469999313354492,27.40999984741211,27.549999237060547,27.549999237060547,146300
2023-04-24 00:00:00-04:00,27.549999237060547,28.170000076293945,27.520000457763672,27.84000015258789,27.84000015258789,93000
2023-04-25 00:00:00-04:00,27.6200008392334,27.75,27.350000381469727,27.469999313354492,27.469999313354492,66600
2023-04-26 00:00:00-04:00,27.110000610351562,27.579999923706055,27.110000610351562,27.520000457763672,27.520000457763672,81300
2023-04-27 00:00:00-04:00,27.6200008392334,28.100000381469727,27.559999465942383,27.780000686645508,27.780000686645508,50500
2023-04-28 00:00:00-04:00,27.75,28.110000610351562,27.5,27.530000686645508,27.530000686645508,63000
2023-05-01 00:00:00-04:00,27.5,27.979999542236328,27.479999542236328,27.700000762939453,27.700000762939453,53600
2023-05-02 00:00:00-04:00,27.579999923706055,27.93000030517578,27.270000457763672,27.799999237060547,27.799999237060547,69100
2023-05-03 00:00:00-04:00,27.860000610351562,28.450000762939453,27.860000610351562,28.040000915527344,28.040000915527344,74100
2023-05-04 00:00:00-04:00,27.84000015258789,27.989999771118164,27.559999465942383,27.860000610351562,27.860000610351562,93400
2023-05-05 00:00:00-04:00,28.31999969482422,29.149999618530273,28.31999969482422,28.940000534057617,28.940000534057617,54700
2023-05-08 00:00:00-04:00,29.030000686645508,29.239999771118164,28.43000030517578,28.989999771118164,28.989999771118164,64500
2023-05-09 00:00:00-04:00,28.899999618530273,29.309999465942383,28.860000610351562,29.15999984741211,29.15999984741211,52900
2023-05-10 00:00:00-04:00,29.479999542236328,29.790000915527344,29.15999984741211,29.670000076293945,29.670000076293945,67300
2023-05-11 00:00:00-04:00,29.399999618530273,29.850000381469727,29.3799991607666,29.799999237060547,29.799999237060547,68200
2023-05-12 00:00:00-04:00,29.940000534057617,30.010000228881836,29.510000228881836,29.889999389648438,29.889999389648438,56900
2023-05-15 00:00:00-04:00,29.93000030517578,30.450000762939453,29.889999389648438,30.299999237060547,30.299999237060547,47900
2023-05-16 00:00:00-04:00,30.0,30.56999969482422,29.920000076293945,30.100000381469727,30.100000381469727,54900
2023-05-17 00:00:00-04:00,30.399999618530273,30.579999923706055,29.959999084472656,30.299999237060547,30.299999237060547,122300
2023-05-18 00:00:00-04:00,30.290000915527344,31.15999984741211,29.90999984741211,31.079999923706055,31.079999923706055,110900
2023-05-19 00:00:00-04:00,31.399999618530273,31.399999618530273,30.459999084472656,30.899999618530273,30.899999618530273,59100
2023-05-22 00:00:00-04:00,30.959999084472656,31.18000030517578,30.610000610351562,30.90999984741211,30.90999984741211,59400
2023-05-23 00:00:00-04:00,30.889999389648438,31.795000076293945,30.670000076293945,31.450000762939453,31.450000762939453,45492
