Date,Open,High,Low,Close,Adj Close,Volume
2019-07-29,72.9000015258789,73.19000244140625,71.70999908447266,71.76000213623047,71.76000213623047,214800
2019-07-30,71.38999938964844,72.94000244140625,71.38999938964844,72.88999938964844,72.88999938964844,221300
2019-07-31,72.94999694824219,78.22000122070312,72.54000091552734,77.80999755859375,77.80999755859375,778700
2019-08-01,78.45999908447266,80.05999755859375,75.79000091552734,75.9800033569336,75.9800033569336,507900
2019-08-02,75.91000366210938,76.25,74.16000366210938,76.02999877929688,76.02999877929688,295700
2019-08-05,74.6500015258789,75.69000244140625,72.55000305175781,73.22000122070312,73.22000122070312,472800
2019-08-06,73.47000122070312,74.76000213623047,72.91999816894531,74.52999877929688,74.52999877929688,369400
2019-08-07,73.30000305175781,76.56999969482422,73.08000183105469,76.12999725341797,76.12999725341797,390100
2019-08-08,77.26000213623047,79.0199966430664,76.66000366210938,78.06999969482422,78.06999969482422,524100
2019-08-09,78.06999969482422,78.13999938964844,76.7699966430664,76.9800033569336,76.9800033569336,404600
2019-08-12,76.47000122070312,76.47000122070312,74.91000366210938,75.31999969482422,75.31999969482422,533800
2019-08-13,75.44999694824219,78.0199966430664,75.13999938964844,76.45999908447266,76.45999908447266,571700
2019-08-14,75.0199966430664,75.48999786376953,74.05999755859375,74.72000122070312,74.72000122070312,396200
2019-08-15,74.73999786376953,75.66999816894531,74.20999908447266,75.16999816894531,75.16999816894531,369100
2019-08-16,75.58999633789062,76.97000122070312,75.44999694824219,76.38999938964844,76.38999938964844,357800
2019-08-19,77.41000366210938,77.58999633789062,76.54000091552734,76.94999694824219,76.94999694824219,285200
2019-08-20,76.52999877929688,76.88999938964844,75.48999786376953,75.52999877929688,75.52999877929688,277300
2019-08-21,76.30000305175781,77.13999938964844,75.16999816894531,75.41000366210938,75.41000366210938,399200
2019-08-22,75.5199966430664,76.0,74.77999877929688,75.0999984741211,75.0999984741211,215200
2019-08-23,74.81999969482422,75.80999755859375,71.48999786376953,71.62999725341797,71.62999725341797,436300
2019-08-26,72.27999877929688,73.33000183105469,71.97000122070312,72.72000122070312,72.72000122070312,451000
2019-08-27,73.18000030517578,73.25,71.66999816894531,72.4800033569336,72.4800033569336,228800
2019-08-28,72.22000122070312,74.36000061035156,72.08999633789062,74.16000366210938,74.16000366210938,365900
2019-08-29,74.86000061035156,75.4000015258789,73.68000030517578,73.75,73.75,252400
2019-08-30,74.27999877929688,74.73999786376953,73.11000061035156,73.55000305175781,73.55000305175781,206600
2019-09-03,73.0,73.56999969482422,71.88999938964844,72.98999786376953,72.98999786376953,305200
2019-09-04,73.5999984741211,74.05999755859375,73.31999969482422,73.9000015258789,73.9000015258789,158200
2019-09-05,74.7300033569336,75.4000015258789,74.22000122070312,74.5199966430664,74.5199966430664,208200
2019-09-06,74.44999694824219,75.19000244140625,74.05999755859375,74.25,74.25,336500
2019-09-09,74.69000244140625,76.27999877929688,73.95999908447266,76.19000244140625,76.19000244140625,501100
2019-09-10,75.97000122070312,76.05999755859375,74.62999725341797,75.0199966430664,75.0199966430664,222800
2019-09-11,75.05999755859375,75.9000015258789,74.16000366210938,75.88999938964844,75.88999938964844,216300
2019-09-12,75.87999725341797,77.76000213623047,75.75,77.69999694824219,77.69999694824219,462000
2019-09-13,77.8499984741211,77.94999694824219,76.68000030517578,77.16000366210938,77.16000366210938,419300
2019-09-16,76.69999694824219,78.41000366210938,76.66000366210938,77.86000061035156,77.86000061035156,274300
2019-09-17,77.5,77.66999816894531,75.45999908447266,76.02999877929688,76.02999877929688,323500
2019-09-18,75.87000274658203,76.3499984741211,75.23999786376953,75.88999938964844,75.88999938964844,279500
2019-09-19,76.06999969482422,76.33000183105469,75.08000183105469,75.23999786376953,75.23999786376953,228400
2019-09-20,75.52999877929688,77.08000183105469,75.52999877929688,76.75,76.75,418400
2019-09-23,76.31999969482422,77.4800033569336,76.08999633789062,76.9000015258789,76.9000015258789,222000
2019-09-24,77.05000305175781,77.45999908447266,75.6500015258789,76.22000122070312,76.22000122070312,712100
2019-09-25,76.19000244140625,77.69999694824219,75.70999908447266,77.52999877929688,77.52999877929688,345400
2019-09-26,77.5999984741211,77.7300033569336,76.4000015258789,77.0999984741211,77.0999984741211,126500
2019-09-27,77.29000091552734,77.77999877929688,75.94000244140625,76.20999908447266,76.20999908447266,143700
2019-09-30,76.33000183105469,77.47000122070312,76.12999725341797,77.19999694824219,77.19999694824219,182100
2019-10-01,77.5999984741211,77.8499984741211,74.76000213623047,74.77999877929688,74.77999877929688,206100
2019-10-02,74.27999877929688,74.9000015258789,73.87999725341797,74.80000305175781,74.80000305175781,177700
2019-10-03,74.37000274658203,74.8499984741211,73.36000061035156,74.04000091552734,74.04000091552734,332900
2019-10-04,74.18000030517578,74.69000244140625,73.55999755859375,74.16000366210938,74.16000366210938,270900
2019-10-07,73.77999877929688,74.0,72.81999969482422,73.16000366210938,73.16000366210938,313000
2019-10-08,72.37999725341797,72.9000015258789,71.30999755859375,72.12999725341797,72.12999725341797,218300
2019-10-09,72.80999755859375,73.1500015258789,72.06999969482422,72.9800033569336,72.9800033569336,184700
2019-10-10,73.25,75.52999877929688,72.91999816894531,75.16999816894531,75.16999816894531,285800
2019-10-11,76.3499984741211,77.41000366210938,76.08999633789062,76.58000183105469,76.58000183105469,232900
2019-10-14,76.41000366210938,76.5,74.5,75.01000213623047,75.01000213623047,148300
2019-10-15,75.06999969482422,75.33999633789062,74.44999694824219,74.70999908447266,74.70999908447266,152700
2019-10-16,74.44999694824219,75.77999877929688,74.11000061035156,75.75,75.75,174200
2019-10-17,76.06999969482422,77.12999725341797,76.06999969482422,76.80999755859375,76.80999755859375,232000
2019-10-18,76.97000122070312,78.91999816894531,76.63999938964844,78.62000274658203,78.62000274658203,384800
2019-10-21,79.37999725341797,79.87999725341797,78.0999984741211,78.47000122070312,78.47000122070312,205300
2019-10-22,78.44000244140625,79.19000244140625,78.20999908447266,78.80000305175781,78.80000305175781,169200
2019-10-23,78.9000015258789,78.9000015258789,76.2699966430664,76.88999938964844,76.88999938964844,328900
2019-10-24,77.08000183105469,77.4000015258789,76.23999786376953,76.5,76.5,205400
2019-10-25,76.62999725341797,76.94999694824219,76.33000183105469,76.66000366210938,76.66000366210938,148500
2019-10-28,76.9000015258789,78.29000091552734,76.9000015258789,77.55000305175781,77.55000305175781,190900
2019-10-29,77.25,78.7699966430664,77.19000244140625,78.44999694824219,78.44999694824219,376600
2019-10-30,79.76000213623047,85.55000305175781,79.72000122070312,84.05000305175781,84.05000305175781,1201400
2019-10-31,83.79000091552734,84.29000091552734,81.77999877929688,82.45999908447266,82.45999908447266,629000
2019-11-01,82.45999908447266,83.13999938964844,81.22000122070312,81.88999938964844,81.88999938964844,580200
2019-11-04,82.5,83.44999694824219,82.22000122070312,83.2699966430664,83.2699966430664,604100
2019-11-05,83.2300033569336,84.58000183105469,82.69999694824219,84.23999786376953,84.23999786376953,353200
2019-11-06,83.95999908447266,85.18000030517578,83.7699966430664,84.87999725341797,84.87999725341797,494200
2019-11-07,85.2300033569336,85.62999725341797,82.4800033569336,82.69000244140625,82.69000244140625,287300
2019-11-08,82.4000015258789,83.05000305175781,82.13999938964844,83.05000305175781,83.05000305175781,242000
2019-11-11,82.81999969482422,83.61000061035156,82.30999755859375,82.80999755859375,82.80999755859375,428100
2019-11-12,82.7699966430664,83.38999938964844,82.54000091552734,82.83000183105469,82.83000183105469,362200
2019-11-13,82.54000091552734,83.01000213623047,81.77999877929688,82.83000183105469,82.83000183105469,181000
2019-11-14,82.52999877929688,83.37999725341797,82.22000122070312,82.72000122070312,82.72000122070312,416900
2019-11-15,83.19999694824219,84.47000122070312,82.66000366210938,84.27999877929688,84.27999877929688,206900
2019-11-18,84.0999984741211,84.80000305175781,83.87999725341797,84.66000366210938,84.66000366210938,135900
2019-11-19,84.62999725341797,85.7300033569336,84.62999725341797,85.29000091552734,85.29000091552734,179800
2019-11-20,84.81999969482422,86.1500015258789,84.81999969482422,85.43000030517578,85.43000030517578,300200
2019-11-21,85.72000122070312,85.7300033569336,84.54000091552734,84.66000366210938,84.66000366210938,200000
2019-11-22,82.83999633789062,83.6500015258789,80.69999694824219,82.69000244140625,82.69000244140625,636700
2019-11-25,82.94000244140625,84.97000122070312,82.69999694824219,82.8499984741211,82.8499984741211,331000
2019-11-26,82.69999694824219,83.68000030517578,82.36000061035156,83.51000213623047,83.51000213623047,282300
2019-11-27,83.98999786376953,83.98999786376953,82.61000061035156,83.44000244140625,83.44000244140625,229000
2019-11-29,83.41000366210938,83.63999938964844,82.52999877929688,82.6500015258789,82.6500015258789,154500
2019-12-02,82.8499984741211,83.54000091552734,82.55000305175781,82.68000030517578,82.68000030517578,248600
2019-12-03,82.1500015258789,83.4800033569336,82.05000305175781,83.02999877929688,83.02999877929688,188500
2019-12-04,83.01000213623047,84.23999786376953,82.58000183105469,82.61000061035156,82.61000061035156,222500
2019-12-05,82.87999725341797,83.76000213623047,82.5199966430664,83.12999725341797,83.12999725341797,310000
2019-12-06,85.27999877929688,88.01000213623047,84.77999877929688,84.86000061035156,84.86000061035156,412400
2019-12-09,84.80000305175781,84.91999816894531,83.52999877929688,83.95999908447266,83.95999908447266,209700
2019-12-10,83.8499984741211,84.41999816894531,83.08999633789062,83.30999755859375,83.30999755859375,336400
2019-12-11,83.4000015258789,83.91999816894531,83.02999877929688,83.66999816894531,83.66999816894531,230300
2019-12-12,83.61000061035156,84.2699966430664,82.73999786376953,83.68000030517578,83.68000030517578,171000
2019-12-13,83.7300033569336,84.12999725341797,82.91999816894531,83.68000030517578,83.68000030517578,192300
2019-12-16,84.13999938964844,85.45999908447266,83.70999908447266,83.80000305175781,83.80000305175781,492600
2019-12-17,84.22000122070312,84.93000030517578,83.93000030517578,83.97000122070312,83.97000122070312,435500
2019-12-18,84.23999786376953,84.56999969482422,82.94000244140625,83.0199966430664,83.0199966430664,450200
2019-12-19,82.9800033569336,84.16000366210938,82.83000183105469,84.0,84.0,482100
2019-12-20,84.05000305175781,85.98999786376953,83.83999633789062,85.9800033569336,85.9800033569336,742600
2019-12-23,85.9800033569336,86.30000305175781,85.20999908447266,86.01000213623047,86.01000213623047,232300
2019-12-24,86.02999877929688,86.3499984741211,85.6500015258789,86.0,86.0,71300
2019-12-26,86.08999633789062,86.91000366210938,85.72000122070312,86.86000061035156,86.86000061035156,246100
2019-12-27,86.9800033569336,86.9800033569336,85.86000061035156,86.20999908447266,86.20999908447266,309400
2019-12-30,86.12999725341797,86.27999877929688,85.61000061035156,86.05000305175781,86.05000305175781,292800
2019-12-31,86.0,86.69999694824219,85.7300033569336,85.75,85.75,277500
2020-01-02,86.22000122070312,86.30999755859375,82.4000015258789,85.0199966430664,85.0199966430664,604400
2020-01-03,84.3499984741211,85.81999969482422,84.3499984741211,85.27999877929688,85.27999877929688,259400
2020-01-06,84.45999908447266,85.7699966430664,84.0199966430664,85.23999786376953,85.23999786376953,398100
2020-01-07,84.87999725341797,84.91999816894531,83.94999694824219,84.2300033569336,84.2300033569336,286000
2020-01-08,83.72000122070312,84.44999694824219,82.7300033569336,82.80000305175781,82.80000305175781,366100
2020-01-09,83.05999755859375,84.5199966430664,82.91000366210938,84.23999786376953,84.23999786376953,395400
2020-01-10,84.30999755859375,84.77999877929688,82.72000122070312,82.83000183105469,82.83000183105469,226200
2020-01-13,82.77999877929688,83.08000183105469,82.23999786376953,83.04000091552734,83.04000091552734,167300
2020-01-14,82.72000122070312,83.05000305175781,81.48999786376953,81.66999816894531,81.66999816894531,259700
2020-01-15,81.54000091552734,82.80000305175781,81.54000091552734,82.63999938964844,82.63999938964844,651800
2020-01-16,83.18000030517578,84.8499984741211,83.12000274658203,84.16000366210938,84.16000366210938,525800
2020-01-17,84.27999877929688,84.41000366210938,83.8499984741211,84.0999984741211,84.0999984741211,267600
2020-01-21,83.95999908447266,85.41999816894531,83.80999755859375,84.97000122070312,84.97000122070312,439300
2020-01-22,85.26000213623047,86.7300033569336,85.19000244140625,86.69000244140625,86.69000244140625,342000
2020-01-23,86.08000183105469,86.86000061035156,85.79000091552734,86.31999969482422,86.31999969482422,339900
2020-01-24,86.43000030517578,86.7300033569336,85.0,85.62000274658203,85.62000274658203,425000
2020-01-27,84.56999969482422,85.80000305175781,84.33999633789062,85.25,85.25,185900
2020-01-28,85.62999725341797,86.30999755859375,85.19999694824219,85.9800033569336,85.9800033569336,210900
2020-01-29,86.05999755859375,86.51000213623047,84.94000244140625,85.5999984741211,85.5999984741211,306200
2020-01-30,84.94000244140625,86.12999725341797,84.29000091552734,85.37999725341797,85.37999725341797,211400
2020-01-31,85.04000091552734,85.58000183105469,81.83999633789062,82.22000122070312,82.22000122070312,394000
2020-02-03,82.58999633789062,84.69999694824219,82.58999633789062,84.5,84.5,312700
2020-02-04,85.33999633789062,85.91999816894531,84.2300033569336,85.36000061035156,85.36000061035156,222300
2020-02-05,86.0199966430664,86.25,85.16000366210938,85.86000061035156,85.86000061035156,184500
2020-02-06,86.02999877929688,86.19000244140625,85.2300033569336,85.54000091552734,85.54000091552734,256000
2020-02-07,85.44999694824219,85.93000030517578,84.05999755859375,84.13999938964844,84.13999938964844,221700
2020-02-10,83.83000183105469,83.8499984741211,82.38999938964844,83.16999816894531,83.16999816894531,392400
2020-02-11,83.47000122070312,84.31999969482422,83.1500015258789,84.1500015258789,84.1500015258789,248300
2020-02-12,84.55000305175781,85.73999786376953,84.0999984741211,85.48999786376953,85.48999786376953,437400
2020-02-13,85.0999984741211,86.70999908447266,85.0999984741211,86.38999938964844,86.38999938964844,245900
2020-02-14,86.73999786376953,87.0,86.4000015258789,86.9000015258789,86.9000015258789,228900
2020-02-18,86.75,87.11000061035156,86.12000274658203,86.66999816894531,86.66999816894531,179700
2020-02-19,86.87000274658203,88.37999725341797,86.5,87.72000122070312,87.72000122070312,322900
2020-02-20,87.51000213623047,88.4000015258789,86.88999938964844,88.37000274658203,88.37000274658203,234600
2020-02-21,88.05999755859375,88.05999755859375,86.93000030517578,87.47000122070312,87.47000122070312,240000
2020-02-24,85.41999816894531,86.18000030517578,84.48999786376953,84.66999816894531,84.66999816894531,410700
2020-02-25,84.79000091552734,84.93000030517578,81.36000061035156,81.36000061035156,81.36000061035156,431200
2020-02-26,81.77999877929688,83.87999725341797,77.58000183105469,77.80999755859375,77.80999755859375,523500
2020-02-27,76.05000305175781,76.23999786376953,72.75,72.7699966430664,72.7699966430664,750200
2020-02-28,70.56999969482422,71.98999786376953,67.80000305175781,69.5199966430664,69.5199966430664,672800
2020-03-02,69.79000091552734,72.72000122070312,68.9000015258789,72.68000030517578,72.68000030517578,583400
2020-03-03,72.70999908447266,74.38999938964844,68.66000366210938,69.05999755859375,69.05999755859375,454600
2020-03-04,69.81999969482422,73.73999786376953,69.81999969482422,73.62999725341797,73.62999725341797,440900
2020-03-05,71.58999633789062,72.12999725341797,67.63999938964844,68.94999694824219,68.94999694824219,407100
2020-03-06,66.54000091552734,66.94999694824219,64.94999694824219,66.1500015258789,66.1500015258789,1231900
2020-03-09,61.0,62.189998626708984,54.52000045776367,54.84000015258789,54.84000015258789,1178300
2020-03-10,56.720001220703125,59.130001068115234,54.08000183105469,59.119998931884766,59.119998931884766,1064900
2020-03-11,57.119998931884766,58.619998931884766,53.31999969482422,54.33000183105469,54.33000183105469,1113600
2020-03-12,49.4900016784668,55.33000183105469,47.810001373291016,52.810001373291016,52.810001373291016,1555800
2020-03-13,56.150001525878906,56.290000915527344,50.439998626708984,54.33000183105469,54.33000183105469,658300
2020-03-16,50.540000915527344,52.0,43.09000015258789,44.97999954223633,44.97999954223633,607400
2020-03-17,45.86000061035156,47.349998474121094,42.79999923706055,47.16999816894531,47.16999816894531,652900
2020-03-18,43.38999938964844,44.310001373291016,30.559999465942383,31.360000610351562,31.360000610351562,942200
2020-03-19,30.690000534057617,44.47999954223633,29.450000762939453,38.880001068115234,38.880001068115234,1309100
2020-03-20,39.58000183105469,46.93000030517578,39.4900016784668,41.630001068115234,41.630001068115234,1402100
2020-03-23,41.630001068115234,42.11000061035156,38.0099983215332,39.68000030517578,39.68000030517578,548600
2020-03-24,42.75,46.20000076293945,42.099998474121094,46.099998474121094,46.099998474121094,554700
2020-03-25,46.27000045776367,49.77000045776367,43.5,47.2400016784668,47.2400016784668,569900
2020-03-26,48.36000061035156,52.599998474121094,47.79999923706055,52.0,52.0,777700
2020-03-27,49.40999984741211,52.16999816894531,48.599998474121094,50.279998779296875,50.279998779296875,438300
2020-03-30,50.41999816894531,51.72999954223633,48.029998779296875,49.9900016784668,49.9900016784668,755200
2020-03-31,50.0,53.040000915527344,49.47999954223633,51.34000015258789,51.34000015258789,913300
2020-04-01,48.83000183105469,49.939998626708984,45.099998474121094,45.90999984741211,45.90999984741211,641400
2020-04-02,45.41999816894531,50.0099983215332,45.41999816894531,48.56999969482422,48.56999969482422,876500
2020-04-03,48.970001220703125,49.849998474121094,44.36000061035156,45.7599983215332,45.7599983215332,1738300
2020-04-06,47.849998474121094,49.220001220703125,46.77000045776367,47.63999938964844,47.63999938964844,546000
2020-04-07,49.66999816894531,53.38999938964844,49.290000915527344,50.220001220703125,50.220001220703125,487600
2020-04-08,50.880001068115234,52.900001525878906,49.209999084472656,52.5099983215332,52.5099983215332,581300
2020-04-09,54.31999969482422,57.95000076293945,54.18000030517578,56.58000183105469,56.58000183105469,445600
2020-04-13,56.38999938964844,56.38999938964844,52.130001068115234,52.7400016784668,52.7400016784668,280800
2020-04-14,53.09000015258789,55.20000076293945,53.04999923706055,54.349998474121094,54.349998474121094,558600
2020-04-15,52.209999084472656,53.869998931884766,50.22999954223633,51.0,51.0,586600
2020-04-16,51.0099983215332,52.38999938964844,48.56999969482422,49.869998931884766,49.869998931884766,534200
2020-04-17,51.95000076293945,53.560001373291016,51.189998626708984,53.560001373291016,53.560001373291016,495400
2020-04-20,51.959999084472656,52.0,48.029998779296875,48.619998931884766,48.619998931884766,549200
2020-04-21,48.0,48.0,45.79999923706055,46.88999938964844,46.88999938964844,387700
2020-04-22,47.86000061035156,48.619998931884766,46.59000015258789,47.939998626708984,47.939998626708984,251400
2020-04-23,48.2400016784668,50.709999084472656,48.150001525878906,50.029998779296875,50.029998779296875,342700
2020-04-24,50.560001373291016,51.040000915527344,48.220001220703125,50.630001068115234,50.630001068115234,380300
2020-04-27,51.13999938964844,55.77000045776367,50.880001068115234,55.11000061035156,55.11000061035156,473500
2020-04-28,57.16999816894531,58.5,55.13999938964844,56.310001373291016,56.310001373291016,567500
2020-04-29,61.90999984741211,63.31999969482422,57.79999923706055,58.029998779296875,58.029998779296875,951600
2020-04-30,56.36000061035156,57.34000015258789,53.08000183105469,53.43000030517578,53.43000030517578,705700
2020-05-01,51.7599983215332,53.279998779296875,51.08000183105469,51.619998931884766,51.619998931884766,343900
2020-05-04,50.65999984741211,52.58000183105469,50.13999938964844,51.349998474121094,51.349998474121094,388100
2020-05-05,52.54999923706055,53.720001220703125,50.349998474121094,50.4900016784668,50.4900016784668,527700
2020-05-06,50.880001068115234,51.59000015258789,49.029998779296875,49.83000183105469,49.83000183105469,412000
2020-05-07,51.2400016784668,52.779998779296875,51.16999816894531,52.0,52.0,396900
2020-05-08,53.34000015258789,54.22999954223633,52.540000915527344,53.380001068115234,53.380001068115234,464800
2020-05-11,52.29999923706055,52.79999923706055,51.040000915527344,52.290000915527344,52.290000915527344,406100
2020-05-12,52.540000915527344,52.61000061035156,49.13999938964844,49.209999084472656,49.209999084472656,502600
2020-05-13,48.619998931884766,48.84000015258789,45.689998626708984,46.290000915527344,46.290000915527344,374900
2020-05-14,46.27000045776367,49.59000015258789,45.130001068115234,49.54999923706055,49.54999923706055,390000
2020-05-15,49.5,50.040000915527344,48.02000045776367,49.599998474121094,49.599998474121094,393400
2020-05-18,52.29999923706055,54.79999923706055,51.95000076293945,54.5,54.5,362900
2020-05-19,54.34000015258789,56.939998626708984,53.77000045776367,55.939998626708984,55.939998626708984,744400
2020-05-20,57.029998779296875,58.36000061035156,56.52000045776367,57.83000183105469,57.83000183105469,503900
2020-05-21,57.52000045776367,58.619998931884766,55.15999984741211,57.11000061035156,57.11000061035156,414700
2020-05-22,57.279998779296875,57.709999084472656,56.470001220703125,57.45000076293945,57.45000076293945,253200
2020-05-26,60.0,60.599998474121094,59.29999923706055,60.290000915527344,60.290000915527344,362400
2020-05-27,62.04999923706055,62.9900016784668,59.38999938964844,62.7599983215332,62.7599983215332,373600
2020-05-28,63.459999084472656,63.459999084472656,60.45000076293945,60.72999954223633,60.72999954223633,254500
2020-05-29,59.90999984741211,60.79999923706055,58.7400016784668,59.38999938964844,59.38999938964844,349700
2020-06-01,59.81999969482422,61.59000015258789,58.54999923706055,60.779998779296875,60.779998779296875,361100
2020-06-02,61.63999938964844,61.9900016784668,60.20000076293945,60.75,60.75,320700
2020-06-03,62.060001373291016,64.81999969482422,61.939998626708984,64.58999633789062,64.58999633789062,360700
2020-06-04,63.869998931884766,65.27999877929688,63.709999084472656,64.83999633789062,64.83999633789062,540800
2020-06-05,67.69999694824219,70.08000183105469,66.08000183105469,67.88999938964844,67.88999938964844,552300
2020-06-08,68.66999816894531,71.22000122070312,68.56999969482422,69.4800033569336,69.4800033569336,479600
2020-06-09,67.77999877929688,68.62000274658203,65.44000244140625,65.5,65.5,536400
2020-06-10,65.45999908447266,65.45999908447266,62.279998779296875,63.0,63.0,448400
2020-06-11,59.2599983215332,60.900001525878906,56.689998626708984,57.279998779296875,57.279998779296875,552700
2020-06-12,59.790000915527344,60.689998626708984,56.869998931884766,58.63999938964844,58.63999938964844,488300
2020-06-15,56.060001373291016,60.34000015258789,55.2599983215332,59.90999984741211,59.90999984741211,332900
2020-06-16,62.79999923706055,63.709999084472656,61.0,61.959999084472656,61.959999084472656,231500
2020-06-17,62.2599983215332,62.2599983215332,60.13999938964844,61.34000015258789,61.34000015258789,274800
2020-06-18,60.41999816894531,61.2400016784668,59.59000015258789,59.79999923706055,59.79999923706055,189700
2020-06-19,61.0,62.58000183105469,60.709999084472656,61.22999954223633,61.22999954223633,568100
2020-06-22,60.5,61.34000015258789,59.220001220703125,61.22999954223633,61.22999954223633,256600
2020-06-23,62.119998931884766,62.400001525878906,60.459999084472656,61.91999816894531,61.91999816894531,197300
2020-06-24,60.849998474121094,60.849998474121094,57.099998474121094,57.79999923706055,57.79999923706055,500800
2020-06-25,57.43000030517578,58.65999984741211,57.15999984741211,58.54999923706055,58.54999923706055,413500
2020-06-26,58.150001525878906,58.75,56.779998779296875,57.59000015258789,57.59000015258789,502800
2020-06-29,58.4900016784668,59.90999984741211,58.130001068115234,59.63999938964844,59.63999938964844,230900
2020-06-30,59.58000183105469,60.56999969482422,58.599998474121094,59.97999954223633,59.97999954223633,488500
2020-07-01,60.029998779296875,60.84000015258789,58.29999923706055,58.29999923706055,58.29999923706055,322600
2020-07-02,59.689998626708984,60.72999954223633,58.63999938964844,58.7400016784668,58.7400016784668,351500
2020-07-06,60.369998931884766,60.970001220703125,59.0,59.599998474121094,59.599998474121094,468600
2020-07-07,58.86000061035156,59.04999923706055,57.220001220703125,57.31999969482422,57.31999969482422,271100
2020-07-08,57.119998931884766,58.33000183105469,56.25,57.099998474121094,57.099998474121094,213500
2020-07-09,56.900001525878906,56.93000030517578,54.5,54.9900016784668,54.9900016784668,184400
2020-07-10,55.47999954223633,56.470001220703125,55.27000045776367,55.959999084472656,55.959999084472656,248800
2020-07-13,56.5099983215332,57.88999938964844,55.45000076293945,56.970001220703125,56.970001220703125,351500
2020-07-14,56.959999084472656,58.130001068115234,56.5099983215332,58.04999923706055,58.04999923706055,306900
2020-07-15,59.31999969482422,60.41999816894531,58.900001525878906,60.130001068115234,60.130001068115234,208100
2020-07-16,59.779998779296875,60.77000045776367,59.310001373291016,60.25,60.25,159600
2020-07-17,60.11000061035156,60.66999816894531,59.119998931884766,59.459999084472656,59.459999084472656,210100
2020-07-20,59.2400016784668,59.2400016784668,57.81999969482422,57.900001525878906,57.900001525878906,153100
2020-07-21,57.83000183105469,60.29999923706055,57.810001373291016,59.790000915527344,59.790000915527344,306800
2020-07-22,59.5,60.130001068115234,59.099998474121094,59.77000045776367,59.77000045776367,210000
2020-07-23,59.880001068115234,61.150001525878906,59.599998474121094,60.59000015258789,60.59000015258789,193100
2020-07-24,60.630001068115234,61.0099983215332,59.279998779296875,59.560001373291016,59.560001373291016,188100
2020-07-27,59.380001068115234,59.959999084472656,58.650001525878906,59.75,59.75,181300
2020-07-28,59.7599983215332,60.0,58.88999938964844,59.029998779296875,59.029998779296875,140000
2020-07-29,59.36000061035156,61.45000076293945,59.36000061035156,61.38999938964844,61.38999938964844,153000
2020-07-30,60.470001220703125,60.470001220703125,59.11000061035156,60.130001068115234,60.130001068115234,144400
2020-07-31,59.70000076293945,59.88999938964844,58.060001373291016,59.599998474121094,59.599998474121094,202600
2020-08-03,60.20000076293945,61.869998931884766,59.529998779296875,61.4900016784668,61.4900016784668,296000
2020-08-04,61.150001525878906,62.29999923706055,60.279998779296875,60.369998931884766,60.369998931884766,235100
2020-08-05,61.13999938964844,67.06999969482422,61.13999938964844,63.68000030517578,63.68000030517578,381500
2020-08-06,63.220001220703125,64.69999694824219,62.709999084472656,63.93000030517578,63.93000030517578,240500
2020-08-07,63.459999084472656,64.66000366210938,63.09000015258789,64.25,64.25,237800
2020-08-10,64.38999938964844,66.04000091552734,64.16000366210938,65.3499984741211,65.3499984741211,223300
2020-08-11,66.25,67.0,64.41999816894531,64.75,64.75,300500
2020-08-12,65.48999786376953,65.93000030517578,63.709999084472656,64.37999725341797,64.37999725341797,189800
2020-08-13,64.04000091552734,64.37999725341797,63.279998779296875,63.79999923706055,63.79999923706055,178700
2020-08-14,63.27000045776367,64.01000213623047,62.90999984741211,63.40999984741211,63.40999984741211,180800
2020-08-17,63.630001068115234,63.72999954223633,62.5099983215332,62.81999969482422,62.81999969482422,241900
2020-08-18,62.59000015258789,63.13999938964844,61.970001220703125,62.38999938964844,62.38999938964844,232600
2020-08-19,62.349998474121094,63.72999954223633,62.0099983215332,62.209999084472656,62.209999084472656,182800
2020-08-20,61.27000045776367,62.2599983215332,61.099998474121094,61.41999816894531,61.41999816894531,189800
2020-08-21,61.16999816894531,61.310001373291016,60.130001068115234,60.880001068115234,60.880001068115234,140100
2020-08-24,61.15999984741211,62.290000915527344,60.630001068115234,61.2400016784668,61.2400016784668,253100
2020-08-25,61.54999923706055,61.72999954223633,60.41999816894531,60.97999954223633,60.97999954223633,168300
2020-08-26,60.93000030517578,61.63999938964844,59.66999816894531,59.72999954223633,59.72999954223633,371000
2020-08-27,60.38999938964844,61.13999938964844,59.709999084472656,60.56999969482422,60.56999969482422,278200
2020-08-28,60.619998931884766,63.16999816894531,60.31999969482422,62.90999984741211,62.90999984741211,293300
2020-08-31,62.709999084472656,62.709999084472656,60.56999969482422,61.099998474121094,61.099998474121094,223300
2020-09-01,60.439998626708984,61.45000076293945,59.650001525878906,60.0,60.0,364700
2020-09-02,59.970001220703125,61.119998931884766,59.709999084472656,60.81999969482422,60.81999969482422,268500
2020-09-03,61.15999984741211,61.7599983215332,57.27000045776367,57.709999084472656,57.709999084472656,381400
2020-09-04,58.779998779296875,59.20000076293945,56.45000076293945,57.38999938964844,57.38999938964844,386300
2020-09-08,57.0,57.59000015258789,56.0099983215332,56.220001220703125,56.220001220703125,295800
2020-09-09,56.4900016784668,57.11000061035156,55.380001068115234,56.86000061035156,56.86000061035156,214500
2020-09-10,57.130001068115234,58.15999984741211,55.93000030517578,56.0,56.0,286300
2020-09-11,56.349998474121094,56.349998474121094,54.90999984741211,55.709999084472656,55.709999084472656,217700
2020-09-14,56.380001068115234,57.59000015258789,56.189998626708984,56.77000045776367,56.77000045776367,166800
2020-09-15,56.90999984741211,57.63999938964844,56.56999969482422,57.310001373291016,57.310001373291016,216100
2020-09-16,57.439998626708984,59.0099983215332,57.15999984741211,58.060001373291016,58.060001373291016,296200
2020-09-17,57.25,58.029998779296875,56.61000061035156,57.86000061035156,57.86000061035156,273600
2020-09-18,58.11000061035156,58.619998931884766,55.68000030517578,55.939998626708984,55.939998626708984,552800
2020-09-21,54.40999984741211,54.470001220703125,53.08000183105469,53.79999923706055,53.79999923706055,348700
2020-09-22,54.029998779296875,54.810001373291016,53.209999084472656,54.290000915527344,54.290000915527344,461500
2020-09-23,54.209999084472656,54.63999938964844,53.310001373291016,53.380001068115234,53.380001068115234,296300
2020-09-24,53.2400016784668,54.11000061035156,52.290000915527344,53.18000030517578,53.18000030517578,441900
2020-09-25,52.68000030517578,55.5099983215332,52.63999938964844,55.040000915527344,55.040000915527344,292500
2020-09-28,55.880001068115234,56.4900016784668,55.2400016784668,56.130001068115234,56.130001068115234,412100
2020-09-29,56.16999816894531,56.61000061035156,55.0099983215332,56.0099983215332,56.0099983215332,272300
2020-09-30,56.56999969482422,57.16999816894531,55.619998931884766,56.029998779296875,56.029998779296875,205900
2020-10-01,56.25,56.97999954223633,55.79999923706055,56.369998931884766,56.369998931884766,251600
2020-10-02,55.29999923706055,57.88999938964844,55.290000915527344,57.880001068115234,57.880001068115234,210800
2020-10-05,58.310001373291016,58.61000061035156,57.709999084472656,58.290000915527344,58.290000915527344,241200
2020-10-06,58.939998626708984,59.220001220703125,57.619998931884766,57.790000915527344,57.790000915527344,257300
2020-10-07,58.27000045776367,59.630001068115234,57.81999969482422,58.849998474121094,58.849998474121094,249400
2020-10-08,59.400001525878906,59.810001373291016,58.349998474121094,59.06999969482422,59.06999969482422,141500
2020-10-09,59.4900016784668,59.54999923706055,58.59000015258789,58.869998931884766,58.869998931884766,129800
2020-10-12,59.290000915527344,60.22999954223633,58.9900016784668,60.04999923706055,60.04999923706055,149900
2020-10-13,59.5099983215332,60.939998626708984,58.810001373291016,59.38999938964844,59.38999938964844,161000
2020-10-14,59.40999984741211,60.27000045776367,58.619998931884766,59.119998931884766,59.119998931884766,139700
2020-10-15,58.45000076293945,59.75,58.45000076293945,59.529998779296875,59.529998779296875,140000
2020-10-16,59.65999984741211,59.65999984741211,58.68000030517578,58.72999954223633,58.72999954223633,145800
2020-10-19,59.77000045776367,60.869998931884766,58.09000015258789,58.189998626708984,58.189998626708984,191700
2020-10-20,58.869998931884766,59.47999954223633,58.0,58.0,58.0,126000
2020-10-21,57.86000061035156,58.380001068115234,56.0,56.040000915527344,56.040000915527344,248900
2020-10-22,56.029998779296875,56.720001220703125,55.40999984741211,56.459999084472656,56.459999084472656,502500
2020-10-23,57.099998474121094,59.2599983215332,56.61000061035156,58.939998626708984,58.939998626708984,274300
2020-10-26,58.09000015258789,58.290000915527344,56.04999923706055,56.84000015258789,56.84000015258789,195600
2020-10-27,56.63999938964844,56.91999816894531,55.79999923706055,55.869998931884766,55.869998931884766,266400
2020-10-28,54.61000061035156,55.27000045776367,53.31999969482422,53.36000061035156,53.36000061035156,208900
2020-10-29,52.97999954223633,53.869998931884766,52.27000045776367,53.25,53.25,201900
2020-10-30,53.18000030517578,54.209999084472656,52.220001220703125,52.970001220703125,52.970001220703125,203500
2020-11-02,53.86000061035156,55.2599983215332,53.04999923706055,55.11000061035156,55.11000061035156,226400
2020-11-03,56.31999969482422,56.84000015258789,55.61000061035156,55.61000061035156,55.61000061035156,439000
2020-11-04,59.810001373291016,61.83000183105469,58.619998931884766,61.0,61.0,555800
2020-11-05,64.98999786376953,66.36000061035156,63.970001220703125,65.30000305175781,65.30000305175781,651600
2020-11-06,65.48999786376953,66.61000061035156,64.26000213623047,65.01000213623047,65.01000213623047,447100
2020-11-09,69.2699966430664,73.0,68.36000061035156,69.83000183105469,69.83000183105469,839200
2020-11-10,71.5199966430664,76.23999786376953,70.73999786376953,73.72000122070312,73.72000122070312,1018100
2020-11-11,73.80000305175781,74.16000366210938,71.81999969482422,72.55000305175781,72.55000305175781,535500
2020-11-12,71.63999938964844,72.08000183105469,69.79000091552734,70.08000183105469,70.08000183105469,429900
2020-11-13,71.20999908447266,71.86000061035156,70.58000183105469,71.44999694824219,71.44999694824219,293400
2020-11-16,73.08000183105469,73.22000122070312,71.5999984741211,73.05999755859375,73.05999755859375,359400
2020-11-17,71.97000122070312,74.05999755859375,71.81999969482422,73.16000366210938,73.16000366210938,339700
2020-11-18,73.36000061035156,73.77999877929688,72.13999938964844,72.13999938964844,72.13999938964844,204900
2020-11-19,72.05000305175781,72.54000091552734,71.12000274658203,71.79000091552734,71.79000091552734,194000
2020-11-20,71.38999938964844,72.23999786376953,70.75,72.22000122070312,72.22000122070312,281300
2020-11-23,73.06999969482422,73.91999816894531,72.33999633789062,73.4800033569336,73.4800033569336,159100
2020-11-24,75.02999877929688,76.02999877929688,74.66000366210938,75.55000305175781,75.55000305175781,301400
2020-11-25,75.75,75.76000213623047,74.20999908447266,75.2699966430664,75.2699966430664,151300
2020-11-27,75.41000366210938,75.69000244140625,74.4000015258789,74.5999984741211,74.5999984741211,107400
2020-11-30,74.13999938964844,74.81999969482422,72.0999984741211,72.37000274658203,72.37000274658203,528900
2020-12-01,73.29000091552734,74.11000061035156,72.0,72.47000122070312,72.47000122070312,244900
2020-12-02,72.30000305175781,73.04000091552734,71.5,72.70999908447266,72.70999908447266,302600
2020-12-03,72.81999969482422,74.81999969482422,72.54000091552734,74.22000122070312,74.22000122070312,262700
2020-12-04,74.73999786376953,76.26000213623047,74.23999786376953,75.7300033569336,75.7300033569336,237200
2020-12-07,75.37000274658203,75.98999786376953,74.0999984741211,74.44000244140625,74.44000244140625,259800
2020-12-08,73.80999755859375,74.83999633789062,73.56999969482422,74.5199966430664,74.5199966430664,223700
2020-12-09,75.3499984741211,75.75,73.80999755859375,74.33000183105469,74.33000183105469,163000
2020-12-10,73.83999633789062,74.66000366210938,73.66999816894531,74.58000183105469,74.58000183105469,180900
2020-12-11,73.93000030517578,75.08000183105469,72.30000305175781,72.75,72.75,253200
2020-12-14,73.73999786376953,73.83999633789062,72.05000305175781,72.0999984741211,72.0999984741211,224300
2020-12-15,72.62000274658203,73.41999816894531,72.06999969482422,72.98999786376953,72.98999786376953,279000
2020-12-16,73.7699966430664,74.29000091552734,72.11000061035156,72.73999786376953,72.73999786376953,235900
2020-12-17,72.86000061035156,73.37999725341797,72.33000183105469,73.37999725341797,73.37999725341797,264600
2020-12-18,73.7300033569336,74.5,73.38999938964844,73.98999786376953,73.98999786376953,703200
2020-12-21,72.36000061035156,74.02999877929688,71.6500015258789,73.79000091552734,73.79000091552734,299200
2020-12-22,74.4000015258789,74.44000244140625,73.29000091552734,74.31999969482422,74.31999969482422,211600
2020-12-23,74.98999786376953,75.88999938964844,74.48999786376953,75.26000213623047,75.26000213623047,226300
2020-12-24,75.44000244140625,75.68000030517578,74.47000122070312,75.30000305175781,75.30000305175781,76600
2020-12-28,76.52999877929688,77.16000366210938,75.48999786376953,76.13999938964844,76.13999938964844,271300
2020-12-29,76.19999694824219,76.58000183105469,74.69000244140625,74.80999755859375,74.80999755859375,283600
2020-12-30,74.73999786376953,76.12999725341797,74.73999786376953,75.25,75.25,173900
2020-12-31,75.0,77.05999755859375,74.55000305175781,76.0999984741211,76.0999984741211,350500
2021-01-04,76.43000030517578,76.6500015258789,73.69000244140625,74.70999908447266,74.70999908447266,220400
2021-01-05,74.55000305175781,78.19000244140625,74.55000305175781,77.2300033569336,77.2300033569336,462700
2021-01-06,77.54000091552734,82.18000030517578,77.54000091552734,81.9000015258789,81.9000015258789,558500
2021-01-07,82.08999633789062,83.36000061035156,81.93000030517578,82.75,82.75,380700
2021-01-08,82.95999908447266,84.37000274658203,81.44999694824219,81.98999786376953,81.98999786376953,274900
2021-01-11,81.01000213623047,82.52999877929688,80.95999908447266,82.04000091552734,82.04000091552734,201900
2021-01-12,82.29000091552734,83.91000366210938,82.08000183105469,83.13999938964844,83.13999938964844,217000
2021-01-13,83.16000366210938,83.81999969482422,81.18000030517578,81.29000091552734,81.29000091552734,231000
2021-01-14,82.19999694824219,82.7699966430664,81.19000244140625,81.94999694824219,81.94999694824219,159000
2021-01-15,81.19999694824219,81.8499984741211,79.87000274658203,81.69000244140625,81.69000244140625,278400
2021-01-19,82.30000305175781,82.62999725341797,81.18000030517578,81.41999816894531,81.41999816894531,233900
2021-01-20,81.62000274658203,82.91000366210938,81.5,82.51000213623047,82.51000213623047,233900
2021-01-21,83.08000183105469,83.6500015258789,82.22000122070312,82.87999725341797,82.87999725341797,284800
2021-01-22,82.77999877929688,84.0,82.33000183105469,83.83000183105469,83.83000183105469,321600
2021-01-25,83.87000274658203,84.75,81.56999969482422,81.7300033569336,81.7300033569336,283400
2021-01-26,82.01000213623047,82.01000213623047,79.29000091552734,79.33999633789062,79.33999633789062,299100
2021-01-27,77.62000274658203,78.98999786376953,75.6500015258789,78.4800033569336,78.4800033569336,220100
2021-01-28,79.01000213623047,80.58000183105469,79.01000213623047,79.56999969482422,79.56999969482422,238300
2021-01-29,79.30999755859375,79.77999877929688,77.05000305175781,77.45999908447266,77.45999908447266,316400
2021-02-01,78.20999908447266,79.38999938964844,77.73999786376953,79.37999725341797,79.37999725341797,335000
2021-02-02,80.5999984741211,81.22000122070312,79.83000183105469,81.0,81.0,261100
2021-02-03,80.68000030517578,81.23999786376953,79.7699966430664,80.66000366210938,80.66000366210938,172400
2021-02-04,81.12999725341797,82.22000122070312,80.79000091552734,81.66000366210938,81.66000366210938,225900
2021-02-05,82.69999694824219,82.9800033569336,81.3499984741211,81.88999938964844,81.88999938964844,231200
2021-02-08,83.0,84.5199966430664,81.80000305175781,84.45999908447266,84.45999908447266,281800
2021-02-09,84.69000244140625,85.98999786376953,84.0999984741211,84.87999725341797,84.87999725341797,220600
2021-02-10,85.41999816894531,86.41000366210938,84.66000366210938,85.55999755859375,85.55999755859375,228600
2021-02-11,85.80000305175781,86.94000244140625,84.20999908447266,85.08999633789062,85.08999633789062,279800
2021-02-12,84.83000183105469,86.33000183105469,84.62999725341797,85.41999816894531,85.41999816894531,311100
2021-02-16,86.0199966430664,86.91000366210938,85.1500015258789,85.26000213623047,85.26000213623047,268400
2021-02-17,84.62999725341797,84.86000061035156,83.44000244140625,83.66999816894531,83.66999816894531,198500
2021-02-18,83.51000213623047,83.5999984741211,81.70999908447266,82.61000061035156,82.61000061035156,260100
2021-02-19,83.36000061035156,85.06999969482422,82.58000183105469,84.69999694824219,84.69999694824219,183600
2021-02-22,84.12000274658203,86.06999969482422,84.12000274658203,85.38999938964844,85.38999938964844,267400
2021-02-23,85.0999984741211,87.18000030517578,84.6500015258789,86.6500015258789,86.6500015258789,466500
2021-02-24,85.47000122070312,89.83000183105469,84.4000015258789,89.16999816894531,89.16999816894531,403900
2021-02-25,89.30999755859375,90.36000061035156,86.75,86.97000122070312,86.97000122070312,471200
2021-02-26,87.11000061035156,87.11000061035156,84.81999969482422,85.1500015258789,85.1500015258789,380000
2021-03-01,86.95999908447266,87.80000305175781,86.5,87.22000122070312,87.22000122070312,276100
2021-03-02,86.7699966430664,87.25,84.0,84.30000305175781,84.30000305175781,395100
2021-03-03,84.31999969482422,86.7699966430664,84.25,85.87000274658203,85.87000274658203,350300
2021-03-04,85.9800033569336,87.22000122070312,84.13999938964844,85.41999816894531,85.41999816894531,278900
2021-03-05,87.05999755859375,87.16999816894531,84.48999786376953,86.95999908447266,86.95999908447266,358200
2021-03-08,87.55000305175781,90.9800033569336,87.01000213623047,89.0,89.0,473800
2021-03-09,90.1500015258789,91.93000030517578,89.0999984741211,90.0199966430664,90.0199966430664,485900
2021-03-10,90.5,91.94000244140625,89.91000366210938,89.95999908447266,89.95999908447266,331500
2021-03-11,90.20999908447266,90.8499984741211,88.70999908447266,89.77999877929688,89.77999877929688,296700
2021-03-12,89.58999633789062,90.47000122070312,89.12999725341797,90.19999694824219,90.19999694824219,434400
2021-03-15,90.08999633789062,90.38999938964844,88.20999908447266,89.5,89.5,257200
2021-03-16,89.51000213623047,90.0199966430664,88.33999633789062,88.58999633789062,88.58999633789062,173100
2021-03-17,88.4000015258789,89.2699966430664,87.62000274658203,89.18000030517578,89.18000030517578,209500
2021-03-18,89.05999755859375,89.83000183105469,87.91999816894531,88.01000213623047,88.01000213623047,298900
2021-03-19,87.94000244140625,88.5,86.38999938964844,86.5199966430664,86.5199966430664,429200
2021-03-22,86.22000122070312,86.5,84.61000061035156,84.94000244140625,84.94000244140625,285900
2021-03-23,84.0199966430664,84.2699966430664,81.97000122070312,82.37000274658203,82.37000274658203,430400
2021-03-24,82.83999633789062,84.87000274658203,82.08000183105469,82.79000091552734,82.79000091552734,482600
2021-03-25,82.23999786376953,85.5,81.30000305175781,85.30000305175781,85.30000305175781,300100
2021-03-26,86.19000244140625,87.19000244140625,84.94000244140625,86.88999938964844,86.88999938964844,183600
2021-03-29,86.02999877929688,87.76000213623047,84.36000061035156,84.54000091552734,84.54000091552734,242500
2021-03-30,84.63999938964844,85.43000030517578,84.06999969482422,84.80000305175781,84.80000305175781,194900
2021-03-31,85.37000274658203,86.16999816894531,83.7699966430664,84.05999755859375,84.05999755859375,332700
2021-04-01,84.41999816894531,86.37999725341797,83.55999755859375,86.1500015258789,86.1500015258789,332600
2021-04-05,87.16999816894531,87.36000061035156,86.08999633789062,86.75,86.75,176300
2021-04-06,86.75,88.38999938964844,86.75,87.38999938964844,87.38999938964844,246100
2021-04-07,87.05000305175781,87.66000366210938,86.02999877929688,87.01000213623047,87.01000213623047,263100
2021-04-08,86.83999633789062,88.31999969482422,86.19999694824219,88.12000274658203,88.12000274658203,315600
2021-04-09,87.95999908447266,88.73999786376953,86.8499984741211,88.27999877929688,88.27999877929688,172200
2021-04-12,88.83999633789062,89.73999786376953,87.51000213623047,87.91999816894531,87.91999816894531,269300
2021-04-13,87.43000030517578,87.56999969482422,86.0199966430664,86.30000305175781,86.30000305175781,229900
2021-04-14,86.45999908447266,87.70999908447266,86.45999908447266,87.4000015258789,87.4000015258789,165000
2021-04-15,88.1500015258789,88.33999633789062,87.26000213623047,88.08999633789062,88.08999633789062,180500
2021-04-16,88.7300033569336,89.19000244140625,87.68000030517578,88.77999877929688,88.77999877929688,204600
2021-04-19,88.80999755859375,89.2300033569336,87.77999877929688,88.73999786376953,88.73999786376953,213900
2021-04-20,88.12000274658203,89.0999984741211,86.16999816894531,86.5199966430664,86.5199966430664,199300
2021-04-21,86.4000015258789,88.08000183105469,86.4000015258789,87.75,87.75,197300
2021-04-22,88.1500015258789,88.36000061035156,87.0199966430664,87.2300033569336,87.2300033569336,142900
2021-04-23,87.33000183105469,89.13999938964844,87.06999969482422,88.91000366210938,88.91000366210938,172400
2021-04-26,89.19999694824219,89.69999694824219,88.55000305175781,88.75,88.75,134700
2021-04-27,88.9000015258789,89.4800033569336,87.8499984741211,88.5199966430664,88.5199966430664,127600
2021-04-28,88.5199966430664,89.33999633789062,88.08000183105469,89.30000305175781,89.30000305175781,111300
2021-04-29,89.95999908447266,90.4800033569336,89.41999816894531,89.88999938964844,89.88999938964844,143200
2021-04-30,89.31999969482422,89.58000183105469,88.30999755859375,88.95999908447266,88.95999908447266,246400
2021-05-03,89.58000183105469,90.30000305175781,88.93000030517578,89.44000244140625,89.44000244140625,315800
2021-05-04,89.29000091552734,89.76000213623047,88.26000213623047,88.44999694824219,88.44999694824219,385100
2021-05-05,90.12999725341797,96.19000244140625,89.0,93.77999877929688,93.77999877929688,585500
2021-05-06,94.5199966430664,96.11000061035156,92.04000091552734,93.51000213623047,93.51000213623047,372200
2021-05-07,93.70999908447266,94.7699966430664,93.56999969482422,94.38999938964844,94.38999938964844,382500
2021-05-10,94.9000015258789,96.47000122070312,93.75,93.80000305175781,93.80000305175781,382600
2021-05-11,92.11000061035156,93.55000305175781,91.41999816894531,92.52999877929688,92.52999877929688,324300
2021-05-12,92.18000030517578,92.52999877929688,89.48999786376953,89.63999938964844,89.63999938964844,319600
2021-05-13,90.33999633789062,92.6500015258789,89.94999694824219,92.5199966430664,92.5199966430664,429900
2021-05-14,93.5199966430664,94.41999816894531,93.08000183105469,93.79000091552734,93.79000091552734,330500
2021-05-17,93.43000030517578,93.91000366210938,92.2300033569336,93.83000183105469,93.83000183105469,168900
2021-05-18,94.1500015258789,94.58000183105469,92.68000030517578,92.70999908447266,92.70999908447266,173300
2021-05-19,91.62999725341797,92.37999725341797,89.98999786376953,92.3499984741211,92.3499984741211,240500
2021-05-20,92.69000244140625,93.41000366210938,91.91000366210938,93.30999755859375,93.30999755859375,245700
2021-05-21,94.0,94.7300033569336,93.33000183105469,93.70999908447266,93.70999908447266,197100
2021-05-24,94.0,94.18000030517578,93.2300033569336,93.66000366210938,93.66000366210938,140000
2021-05-25,93.56999969482422,94.37000274658203,92.7699966430664,93.0199966430664,93.0199966430664,225100
2021-05-26,93.30999755859375,93.94999694824219,92.66999816894531,93.13999938964844,93.13999938964844,389500
2021-05-27,93.5999984741211,93.91999816894531,92.29000091552734,92.51000213623047,92.51000213623047,280500
2021-05-28,93.19999694824219,93.33999633789062,92.20999908447266,93.0999984741211,93.0999984741211,130300
2021-06-01,93.69000244140625,94.19000244140625,92.88999938964844,94.12999725341797,94.12999725341797,181300
2021-06-02,94.41999816894531,94.41999816894531,92.0999984741211,92.52999877929688,92.52999877929688,317200
2021-06-03,92.08000183105469,93.41999816894531,91.52999877929688,93.3499984741211,93.3499984741211,290100
2021-06-04,93.93000030517578,94.31999969482422,93.11000061035156,93.93000030517578,93.93000030517578,213600
2021-06-07,93.83999633789062,93.83999633789062,91.41000366210938,91.66999816894531,91.66999816894531,438900
2021-06-08,91.77999877929688,94.16999816894531,91.4000015258789,93.83000183105469,93.83000183105469,315400
2021-06-09,93.9000015258789,95.0,93.30000305175781,94.91000366210938,94.91000366210938,318700
2021-06-10,95.30000305175781,95.83000183105469,94.16999816894531,94.16999816894531,94.16999816894531,449800
2021-06-11,94.43000030517578,95.05999755859375,94.16000366210938,94.91000366210938,94.91000366210938,235700
2021-06-14,95.0,95.19999694824219,92.7699966430664,92.87000274658203,92.87000274658203,272800
2021-06-15,92.87000274658203,93.55000305175781,91.9800033569336,93.29000091552734,93.29000091552734,232100
2021-06-16,93.02999877929688,93.0999984741211,91.54000091552734,91.69999694824219,91.69999694824219,166600
2021-06-17,91.23999786376953,92.06999969482422,88.76000213623047,89.3499984741211,89.3499984741211,262900
2021-06-18,88.5999984741211,89.02999877929688,87.87000274658203,88.0199966430664,88.0199966430664,381700
2021-06-21,88.83000183105469,90.0,88.1500015258789,89.76000213623047,89.76000213623047,288000
2021-06-22,89.44000244140625,89.98999786376953,88.3499984741211,89.27999877929688,89.27999877929688,327900
2021-06-23,89.6500015258789,89.9000015258789,88.77999877929688,89.05999755859375,89.05999755859375,225800
2021-06-24,89.44999694824219,90.8499984741211,88.91999816894531,90.25,90.25,227000
2021-06-25,90.4000015258789,92.56999969482422,90.4000015258789,92.51000213623047,92.51000213623047,534900
2021-06-28,92.16999816894531,92.97000122070312,89.9800033569336,91.18000030517578,91.18000030517578,437600
2021-06-29,91.76000213623047,92.08999633789062,90.55999755859375,90.7300033569336,90.7300033569336,226000
2021-06-30,90.94999694824219,93.36000061035156,90.76000213623047,93.13999938964844,93.13999938964844,359100
2021-07-01,93.5,94.16999816894531,93.04000091552734,93.2300033569336,93.2300033569336,458100
2021-07-02,93.12999725341797,93.22000122070312,91.8499984741211,92.80000305175781,92.80000305175781,151900
2021-07-06,92.41999816894531,92.95999908447266,90.75,91.5,91.5,210900
2021-07-07,91.94999694824219,92.58999633789062,91.3499984741211,91.94999694824219,91.94999694824219,229300
2021-07-08,90.1500015258789,91.4800033569336,89.31999969482422,90.20999908447266,90.20999908447266,231600
2021-07-09,91.68000030517578,92.5999984741211,91.3499984741211,92.51000213623047,92.51000213623047,143300
2021-07-12,92.02999877929688,93.9000015258789,91.62999725341797,93.80000305175781,93.80000305175781,256600
2021-07-13,93.33000183105469,93.62999725341797,92.06999969482422,92.22000122070312,92.22000122070312,228700
2021-07-14,92.98999786376953,93.55000305175781,91.41999816894531,92.16000366210938,92.16000366210938,174200
2021-07-15,91.54000091552734,92.18000030517578,91.16000366210938,91.69999694824219,91.69999694824219,107400
2021-07-16,92.44999694824219,93.38999938964844,91.72000122070312,91.81999969482422,91.81999969482422,322500
2021-07-19,90.30000305175781,90.91999816894531,89.02999877929688,89.62000274658203,89.62000274658203,166700
2021-07-20,89.7300033569336,93.29000091552734,89.51000213623047,92.61000061035156,92.61000061035156,345000
2021-07-21,93.27999877929688,94.25,92.61000061035156,93.30000305175781,93.30000305175781,174800
2021-07-22,93.0,93.30999755859375,91.69999694824219,91.87999725341797,91.87999725341797,121800
2021-07-23,92.0,92.97000122070312,91.4000015258789,92.80999755859375,92.80999755859375,182200
2021-07-26,93.2300033569336,93.47000122070312,92.37999725341797,92.91999816894531,92.91999816894531,227600
2021-07-27,92.20999908447266,93.38999938964844,92.0199966430664,93.11000061035156,93.11000061035156,140300
2021-07-28,93.51000213623047,94.19999694824219,92.38999938964844,93.58999633789062,93.58999633789062,132700
2021-07-29,94.66000366210938,95.0,93.87999725341797,93.94000244140625,93.94000244140625,223900
2021-07-30,93.30999755859375,95.05000305175781,93.0199966430664,95.0,95.0,264600
2021-08-02,95.22000122070312,97.37999725341797,94.3499984741211,94.4800033569336,94.4800033569336,227500
2021-08-03,94.5,96.22000122070312,93.01000213623047,96.08000183105469,96.08000183105469,385000
2021-08-04,98.25,101.98999786376953,97.05000305175781,98.76000213623047,98.76000213623047,624200
2021-08-05,100.0,101.06999969482422,98.26000213623047,98.95999908447266,98.95999908447266,404900
2021-08-06,99.41999816894531,100.37999725341797,98.19999694824219,99.80000305175781,99.80000305175781,393200
2021-08-09,100.16000366210938,100.95999908447266,98.87000274658203,100.8499984741211,100.8499984741211,331500
2021-08-10,100.8499984741211,101.93000030517578,100.52999877929688,101.68000030517578,101.68000030517578,312800
2021-08-11,101.97000122070312,103.54000091552734,101.51000213623047,103.45999908447266,103.45999908447266,370200
2021-08-12,103.0,103.87000274658203,102.7300033569336,103.0199966430664,103.0199966430664,186700
2021-08-13,103.43000030517578,103.43000030517578,101.0,101.77999877929688,101.77999877929688,224300
2021-08-16,101.19999694824219,101.91000366210938,100.5199966430664,101.63999938964844,101.63999938964844,91400
2021-08-17,101.16000366210938,101.5,99.36000061035156,99.87999725341797,99.87999725341797,211600
2021-08-18,99.68000030517578,101.16999816894531,99.55000305175781,100.30999755859375,100.30999755859375,248700
2021-08-19,99.12999725341797,100.66000366210938,99.12999725341797,100.44999694824219,100.44999694824219,183100
2021-08-20,100.18000030517578,101.44000244140625,99.7699966430664,100.93000030517578,100.93000030517578,209200
2021-08-23,101.80999755859375,101.86000061035156,101.0199966430664,101.29000091552734,101.29000091552734,190500
2021-08-24,101.95999908447266,102.51000213623047,101.4800033569336,101.66999816894531,101.66999816894531,228600
2021-08-25,101.41000366210938,102.54000091552734,101.37999725341797,101.5999984741211,101.5999984741211,166600
2021-08-26,101.87999725341797,102.1500015258789,100.58999633789062,101.05000305175781,101.05000305175781,209400
2021-08-27,101.0199966430664,103.45999908447266,101.0199966430664,102.93000030517578,102.93000030517578,269500
2021-08-30,103.43000030517578,103.75,102.29000091552734,102.51000213623047,102.51000213623047,148000
2021-08-31,102.77999877929688,102.94000244140625,101.91999816894531,102.62000274658203,102.62000274658203,163400
2021-09-01,103.2300033569336,103.81999969482422,102.06999969482422,103.63999938964844,103.63999938964844,142900
2021-09-02,104.0,105.51000213623047,103.66000366210938,105.4800033569336,105.4800033569336,183300
2021-09-03,105.16999816894531,105.27999877929688,102.58999633789062,102.66000366210938,102.66000366210938,319700
2021-09-07,102.2300033569336,102.52999877929688,100.62000274658203,100.70999908447266,100.70999908447266,171300
2021-09-08,100.44000244140625,101.52999877929688,100.01000213623047,101.18000030517578,101.18000030517578,209400
2021-09-09,100.87999725341797,102.05000305175781,100.43000030517578,100.58000183105469,100.58000183105469,156800
2021-09-10,101.01000213623047,101.6500015258789,100.18000030517578,100.76000213623047,100.76000213623047,163400
2021-09-13,101.5999984741211,102.94000244140625,99.83999633789062,100.88999938964844,100.88999938964844,351900
2021-09-14,100.91999816894531,100.91999816894531,98.47000122070312,98.81999969482422,98.81999969482422,196400
2021-09-15,98.80999755859375,101.16999816894531,98.70999908447266,100.77999877929688,100.77999877929688,223400
2021-09-16,101.12999725341797,101.5999984741211,99.19999694824219,99.79000091552734,99.79000091552734,178000
2021-09-17,99.79000091552734,100.45999908447266,98.5199966430664,99.0199966430664,99.0199966430664,626000
2021-09-20,97.0199966430664,98.44000244140625,96.08000183105469,97.18000030517578,97.18000030517578,186600
2021-09-21,99.18000030517578,100.04000091552734,98.36000061035156,99.37999725341797,99.37999725341797,283900
2021-09-22,100.27999877929688,102.52999877929688,100.27999877929688,101.87999725341797,101.87999725341797,277300
2021-09-23,102.55000305175781,104.54000091552734,102.5199966430664,103.75,103.75,247500
2021-09-24,103.19000244140625,105.0199966430664,103.19000244140625,103.62000274658203,103.62000274658203,192300
2021-09-27,103.51000213623047,105.62999725341797,103.51000213623047,105.12999725341797,105.12999725341797,194400
2021-09-28,104.58999633789062,105.62999725341797,103.05999755859375,103.98999786376953,103.98999786376953,241900
2021-09-29,104.47000122070312,105.52999877929688,103.69000244140625,105.41999816894531,105.41999816894531,266300
2021-09-30,105.80999755859375,106.9000015258789,103.87000274658203,103.87000274658203,103.87000274658203,400500
2021-10-01,104.20999908447266,107.80999755859375,103.5999984741211,107.41000366210938,107.41000366210938,286300
2021-10-04,107.98999786376953,108.43000030517578,105.77999877929688,106.87999725341797,106.87999725341797,287400
2021-10-05,107.12999725341797,109.26000213623047,106.68000030517578,108.06999969482422,108.06999969482422,262500
2021-10-06,106.56999969482422,107.33000183105469,104.41000366210938,105.61000061035156,105.61000061035156,218600
2021-10-07,105.95999908447266,107.62000274658203,105.88999938964844,107.22000122070312,107.22000122070312,343200
2021-10-08,106.69999694824219,107.4800033569336,106.12000274658203,106.54000091552734,106.54000091552734,252300
2021-10-11,106.62000274658203,107.63999938964844,105.9000015258789,106.38999938964844,106.38999938964844,132000
2021-10-12,107.7699966430664,108.29000091552734,106.69999694824219,106.98999786376953,106.98999786376953,141800
2021-10-13,106.8499984741211,107.58999633789062,106.1500015258789,107.16999816894531,107.16999816894531,177900
2021-10-14,108.37000274658203,109.01000213623047,107.48999786376953,108.13999938964844,108.13999938964844,202500
2021-10-15,109.3499984741211,109.52999877929688,107.63999938964844,107.91999816894531,107.91999816894531,223500
2021-10-18,107.87999725341797,110.54000091552734,107.23999786376953,110.48999786376953,110.48999786376953,347800
2021-10-19,110.9000015258789,111.68000030517578,109.4000015258789,111.63999938964844,111.63999938964844,305200
2021-10-20,111.76000213623047,112.22000122070312,111.0,111.87999725341797,111.87999725341797,311600
2021-10-21,112.3499984741211,114.05000305175781,112.1500015258789,113.94000244140625,113.94000244140625,299900
2021-10-22,114.6500015258789,115.31999969482422,114.0199966430664,114.77999877929688,114.77999877929688,227600
2021-10-25,115.61000061035156,115.8499984741211,113.73999786376953,114.27999877929688,114.27999877929688,270200
2021-10-26,114.41999816894531,114.5,112.41000366210938,113.55000305175781,113.55000305175781,298900
2021-10-27,113.72000122070312,113.72000122070312,111.52999877929688,111.62999725341797,111.62999725341797,274400
2021-10-28,112.47000122070312,113.72000122070312,111.45999908447266,112.37000274658203,112.37000274658203,233200
2021-10-29,112.20999908447266,112.97000122070312,112.0,112.54000091552734,112.54000091552734,308600
2021-11-01,113.3499984741211,115.75,112.3499984741211,115.69000244140625,115.69000244140625,316100
2021-11-02,115.63999938964844,117.19999694824219,114.31999969482422,117.1500015258789,117.1500015258789,316000
2021-11-03,117.94999694824219,118.88999938964844,106.52999877929688,107.25,107.25,700000
2021-11-04,108.19000244140625,109.26000213623047,103.87000274658203,105.41000366210938,105.41000366210938,693000
2021-11-05,107.02999877929688,108.08999633789062,105.55999755859375,106.0999984741211,106.0999984741211,295300
2021-11-08,106.80999755859375,110.05000305175781,106.58000183105469,107.41999816894531,107.41999816894531,805300
2021-11-09,107.0,107.55999755859375,106.19999694824219,107.43000030517578,107.43000030517578,393900
2021-11-10,106.55999755859375,108.0,106.55999755859375,107.80999755859375,107.80999755859375,404600
2021-11-11,108.06999969482422,108.80999755859375,105.70999908447266,105.77999877929688,105.77999877929688,235800
2021-11-12,106.30000305175781,106.45999908447266,105.12000274658203,106.11000061035156,106.11000061035156,236300
2021-11-15,106.47000122070312,106.91000366210938,106.19999694824219,106.88999938964844,106.88999938964844,136500
2021-11-16,106.88999938964844,108.05000305175781,106.62000274658203,107.69999694824219,107.69999694824219,219300
2021-11-17,107.22000122070312,108.0,107.11000061035156,107.9800033569336,107.9800033569336,278600
2021-11-18,108.20999908447266,108.5,106.93000030517578,107.69000244140625,107.69000244140625,363800
2021-11-19,107.7300033569336,110.05000305175781,107.37999725341797,109.48999786376953,109.48999786376953,411500
2021-11-22,109.97000122070312,111.16999816894531,109.13999938964844,109.7300033569336,109.7300033569336,412100
2021-11-23,109.76000213623047,111.11000061035156,109.08999633789062,110.33999633789062,110.33999633789062,185900
2021-11-24,109.87000274658203,111.37999725341797,109.58999633789062,110.98999786376953,110.98999786376953,150100
2021-11-26,108.73999786376953,110.19000244140625,107.79000091552734,109.5199966430664,109.5199966430664,159300
2021-11-29,111.0199966430664,111.0199966430664,108.29000091552734,108.87000274658203,108.87000274658203,295500
2021-11-30,108.11000061035156,109.68000030517578,100.81999969482422,101.44000244140625,101.44000244140625,557200
2021-12-01,103.48999786376953,103.69000244140625,98.2300033569336,98.27999877929688,98.27999877929688,606200
2021-12-02,99.29000091552734,103.48999786376953,99.27999877929688,102.61000061035156,102.61000061035156,514000
2021-12-03,100.12999725341797,101.87999725341797,96.97000122070312,98.0999984741211,98.0999984741211,660500
2021-12-06,99.75,100.8499984741211,98.93000030517578,99.87000274658203,99.87000274658203,699100
2021-12-07,101.05000305175781,103.27999877929688,100.44000244140625,102.36000061035156,102.36000061035156,261300
2021-12-08,102.56999969482422,103.12000274658203,101.26000213623047,102.7699966430664,102.7699966430664,226000
2021-12-09,102.4000015258789,103.16999816894531,99.95999908447266,99.9800033569336,99.9800033569336,159100
2021-12-10,100.62999725341797,101.0199966430664,96.02999877929688,97.79000091552734,97.79000091552734,617200
2021-12-13,98.3499984741211,99.05000305175781,96.4000015258789,97.5999984741211,97.5999984741211,409900
2021-12-14,97.2300033569336,99.44999694824219,97.06999969482422,97.69000244140625,97.69000244140625,296600
2021-12-15,97.16000366210938,99.45999908447266,96.31999969482422,98.7300033569336,98.7300033569336,341500
2021-12-16,99.69999694824219,100.81999969482422,97.97000122070312,98.19000244140625,98.19000244140625,224200
2021-12-17,97.80999755859375,98.88999938964844,96.41000366210938,96.86000061035156,96.86000061035156,592200
2021-12-20,95.44000244140625,95.6500015258789,90.25,92.68000030517578,92.68000030517578,598600
2021-12-21,93.87000274658203,95.62000274658203,93.1500015258789,95.58000183105469,95.58000183105469,482600
2021-12-22,95.9000015258789,96.72000122070312,94.02999877929688,95.04000091552734,95.04000091552734,392500
2021-12-23,95.41999816894531,96.13999938964844,95.05999755859375,95.55999755859375,95.55999755859375,185500
2021-12-27,95.5999984741211,96.95999908447266,95.19999694824219,96.95999908447266,96.95999908447266,277400
2021-12-28,96.66999816894531,98.20999908447266,96.66999816894531,97.94999694824219,97.94999694824219,135800
2021-12-29,97.75,99.48999786376953,97.75,98.97000122070312,98.97000122070312,127600
2021-12-30,99.4000015258789,99.87999725341797,97.81999969482422,97.95999908447266,97.95999908447266,198800
2021-12-31,97.8499984741211,100.31999969482422,97.8499984741211,99.7699966430664,99.7699966430664,194400
2022-01-03,100.11000061035156,100.69000244140625,96.44000244140625,97.4000015258789,97.4000015258789,213800
2022-01-04,97.79000091552734,99.87000274658203,97.79000091552734,98.83000183105469,98.83000183105469,334400
2022-01-05,99.36000061035156,99.91000366210938,96.7699966430664,96.80000305175781,96.80000305175781,301100
2022-01-06,97.27999877929688,97.87000274658203,96.19999694824219,96.7699966430664,96.7699966430664,251800
2022-01-07,96.88999938964844,97.27999877929688,94.75,95.81999969482422,95.81999969482422,300400
2022-01-10,96.93000030517578,101.37000274658203,96.93000030517578,99.5,99.5,908600
2022-01-11,99.9000015258789,100.11000061035156,97.23999786376953,99.12000274658203,99.12000274658203,357700
2022-01-12,99.04000091552734,101.13999938964844,98.41999816894531,98.4800033569336,98.4800033569336,254500
2022-01-13,98.4800033569336,99.20999908447266,97.55000305175781,97.88999938964844,97.88999938964844,245100
2022-01-14,97.19000244140625,97.97000122070312,95.47000122070312,96.52999877929688,96.52999877929688,209400
2022-01-18,95.63999938964844,95.79000091552734,94.38999938964844,95.08999633789062,95.08999633789062,264900
2022-01-19,95.80000305175781,96.51000213623047,94.87999725341797,95.16999816894531,95.16999816894531,214200
2022-01-20,95.18000030517578,96.88999938964844,94.0199966430664,94.18000030517578,94.18000030517578,384100
2022-01-21,93.62000274658203,95.5199966430664,92.73999786376953,93.1500015258789,93.1500015258789,348600
2022-01-24,90.68000030517578,95.06999969482422,90.05999755859375,94.80000305175781,94.80000305175781,346800
2022-01-25,93.79000091552734,93.79000091552734,89.86000061035156,91.30999755859375,91.30999755859375,566400
2022-01-26,92.30000305175781,94.41000366210938,90.22000122070312,91.05999755859375,91.05999755859375,292600
2022-01-27,91.83000183105469,92.80999755859375,88.3499984741211,88.83000183105469,88.83000183105469,305700
2022-01-28,88.7300033569336,91.0,87.11000061035156,90.91999816894531,90.91999816894531,211900
2022-01-31,90.27999877929688,92.61000061035156,90.12999725341797,92.55000305175781,92.55000305175781,361700
2022-02-01,93.08999633789062,94.02999877929688,91.80000305175781,93.3499984741211,93.3499984741211,224300
2022-02-02,92.69999694824219,94.06999969482422,92.27999877929688,93.16999816894531,93.16999816894531,303200
2022-02-03,92.0,93.4800033569336,90.97000122070312,91.2300033569336,91.2300033569336,180400
2022-02-04,90.4800033569336,92.06999969482422,90.13999938964844,91.19000244140625,91.19000244140625,137800
2022-02-07,91.37000274658203,92.87000274658203,91.1500015258789,91.75,91.75,161700
2022-02-08,92.16999816894531,93.69000244140625,91.97000122070312,93.3499984741211,93.3499984741211,158700
2022-02-09,95.91999816894531,98.88999938964844,95.91000366210938,97.26000213623047,97.26000213623047,539700
2022-02-10,95.5,98.43000030517578,95.05999755859375,95.4000015258789,95.4000015258789,687500
2022-02-11,95.02999877929688,96.68000030517578,93.56999969482422,94.41999816894531,94.41999816894531,327800
2022-02-14,94.48999786376953,95.43000030517578,93.7699966430664,94.9000015258789,94.9000015258789,1073900
2022-02-15,95.69000244140625,96.69999694824219,94.58999633789062,96.2699966430664,96.2699966430664,193600
2022-02-16,95.76000213623047,97.6500015258789,95.0,97.25,97.25,999500
2022-02-17,96.31999969482422,97.31999969482422,95.45999908447266,95.48999786376953,95.48999786376953,194600
2022-02-18,95.26000213623047,96.51000213623047,94.37999725341797,95.52999877929688,95.52999877929688,245300
2022-02-22,93.80999755859375,95.0,92.87000274658203,93.1500015258789,93.1500015258789,483700
2022-02-23,97.5,102.0,92.68000030517578,93.16000366210938,93.16000366210938,1096800
2022-02-24,90.48999786376953,91.43000030517578,88.80000305175781,91.22000122070312,91.22000122070312,562900
2022-02-25,91.80000305175781,97.2300033569336,91.05000305175781,96.95999908447266,96.95999908447266,729100
2022-02-28,95.56999969482422,98.19000244140625,93.98999786376953,95.43000030517578,95.43000030517578,578200
2022-03-01,95.5,96.70999908447266,93.41000366210938,94.4000015258789,94.4000015258789,472800
2022-03-02,95.33999633789062,100.05999755859375,95.20999908447266,99.16999816894531,99.16999816894531,501400
2022-03-03,100.37000274658203,101.62000274658203,99.66000366210938,100.88999938964844,100.88999938964844,336300
2022-03-04,99.52999877929688,100.2699966430664,98.41000366210938,99.58999633789062,99.58999633789062,351200
2022-03-07,99.4800033569336,100.76000213623047,97.11000061035156,97.88999938964844,97.88999938964844,560700
2022-03-08,97.75,102.73999786376953,96.4000015258789,101.0,101.0,1156900
2022-03-09,103.76000213623047,106.9000015258789,102.62999725341797,104.02999877929688,104.02999877929688,840100
2022-03-10,102.25,106.12999725341797,102.0199966430664,105.94999694824219,105.94999694824219,485800
2022-03-11,106.52999877929688,109.4800033569336,105.55999755859375,105.66999816894531,105.66999816894531,603600
2022-03-14,105.83999633789062,107.30000305175781,104.55000305175781,106.9800033569336,106.9800033569336,368500
2022-03-15,107.62000274658203,108.51000213623047,104.94000244140625,105.7699966430664,105.7699966430664,485500
2022-03-16,106.51000213623047,108.98999786376953,105.37000274658203,107.76000213623047,107.76000213623047,567600
2022-03-17,107.55999755859375,110.63999938964844,106.69999694824219,110.47000122070312,110.47000122070312,708000
2022-03-18,109.83000183105469,110.66999816894531,108.63999938964844,108.80000305175781,108.80000305175781,683000
2022-03-21,109.0,110.38999938964844,107.55000305175781,108.19999694824219,108.19999694824219,1287600
2022-03-22,108.27999877929688,109.02999877929688,107.11000061035156,107.44000244140625,107.44000244140625,631700
2022-03-23,106.26000213623047,107.31999969482422,105.6500015258789,105.7699966430664,105.7699966430664,369700
2022-03-24,106.20999908447266,107.48999786376953,105.68000030517578,105.7699966430664,105.7699966430664,595500
2022-03-25,106.16000366210938,107.38999938964844,105.8499984741211,107.37000274658203,107.37000274658203,702100
2022-03-28,107.69999694824219,109.62000274658203,107.68000030517578,107.76000213623047,107.76000213623047,359400
2022-03-29,109.26000213623047,112.16999816894531,108.38999938964844,111.38999938964844,111.38999938964844,542500
2022-03-30,112.11000061035156,112.91999816894531,110.56999969482422,112.5999984741211,112.5999984741211,460600
2022-03-31,112.2300033569336,113.70999908447266,111.62999725341797,111.63999938964844,111.63999938964844,378600
2022-04-01,112.08000183105469,115.0,112.05999755859375,112.93000030517578,112.93000030517578,538200
2022-04-04,112.27999877929688,113.37000274658203,109.2699966430664,110.41999816894531,110.41999816894531,578200
2022-04-05,112.4000015258789,113.5,110.70999908447266,110.93000030517578,110.93000030517578,640000
2022-04-06,110.19000244140625,111.0999984741211,108.66000366210938,109.91999816894531,109.91999816894531,699900
2022-04-07,109.30000305175781,110.19999694824219,108.33999633789062,109.05999755859375,109.05999755859375,658800
2022-04-08,109.23999786376953,110.69999694824219,108.72000122070312,109.05000305175781,109.05000305175781,419000
2022-04-11,108.58999633789062,110.05999755859375,107.55999755859375,108.11000061035156,108.11000061035156,324900
2022-04-12,108.51000213623047,109.66000366210938,107.19000244140625,107.55999755859375,107.55999755859375,221900
2022-04-13,107.30000305175781,108.72000122070312,106.83000183105469,108.33000183105469,108.33000183105469,222400
2022-04-14,108.41000366210938,109.69000244140625,107.58999633789062,107.86000061035156,107.86000061035156,252900
2022-04-18,107.55000305175781,108.66999816894531,106.91999816894531,107.58999633789062,107.58999633789062,163400
2022-04-19,107.88999938964844,109.5199966430664,107.8499984741211,109.44999694824219,109.44999694824219,239800
2022-04-20,109.91000366210938,111.47000122070312,109.56999969482422,110.05999755859375,110.05999755859375,270000
2022-04-21,111.43000030517578,112.19000244140625,108.5199966430664,108.7699966430664,108.7699966430664,170100
2022-04-22,108.66000366210938,108.66000366210938,106.0199966430664,106.05999755859375,106.05999755859375,247500
2022-04-25,105.70999908447266,106.08000183105469,103.1500015258789,104.38999938964844,104.38999938964844,303900
2022-04-26,104.2300033569336,105.66000366210938,103.16999816894531,103.20999908447266,103.20999908447266,241800
2022-04-27,103.73999786376953,105.8499984741211,103.23999786376953,104.75,104.75,228100
2022-04-28,105.5999984741211,106.97000122070312,103.98999786376953,106.22000122070312,106.22000122070312,682500
2022-04-29,106.16999816894531,107.43000030517578,104.48999786376953,104.93000030517578,104.93000030517578,513500
2022-05-02,104.37999725341797,105.0199966430664,99.66000366210938,101.0199966430664,101.0199966430664,779900
2022-05-03,101.83000183105469,104.61000061035156,101.83000183105469,102.94999694824219,102.94999694824219,573800
2022-05-04,99.37000274658203,101.69000244140625,95.04000091552734,98.44999694824219,98.44999694824219,691200
2022-05-05,98.2300033569336,99.37000274658203,94.83999633789062,96.08000183105469,96.08000183105469,587400
2022-05-06,95.27999877929688,97.06999969482422,94.7300033569336,96.43000030517578,96.43000030517578,470700
2022-05-09,95.44000244140625,96.27999877929688,89.4800033569336,89.98999786376953,89.98999786376953,565100
2022-05-10,90.48999786376953,92.55999755859375,89.18000030517578,91.08999633789062,91.08999633789062,591800
2022-05-11,90.27999877929688,92.4800033569336,87.91999816894531,88.05999755859375,88.05999755859375,382300
2022-05-12,87.25,89.04000091552734,85.66999816894531,88.25,88.25,705200
2022-05-13,89.56999969482422,91.58999633789062,88.55999755859375,90.8499984741211,90.8499984741211,278100
2022-05-16,89.72000122070312,91.66000366210938,89.27999877929688,90.7699966430664,90.7699966430664,220200
2022-05-17,91.55000305175781,92.44000244140625,90.91000366210938,91.38999938964844,91.38999938964844,392100
2022-05-18,90.8499984741211,91.1500015258789,88.55999755859375,88.75,88.75,333300
2022-05-19,87.69999694824219,91.55999755859375,87.31999969482422,90.43000030517578,90.43000030517578,607400
2022-05-20,90.7300033569336,91.11000061035156,88.0199966430664,90.36000061035156,90.36000061035156,410300
2022-05-23,90.9000015258789,91.80999755859375,89.48999786376953,91.0999984741211,91.0999984741211,278300
2022-05-24,90.61000061035156,90.83000183105469,88.5,89.23999786376953,89.23999786376953,269900
2022-05-25,88.9000015258789,90.0199966430664,87.61000061035156,88.72000122070312,88.72000122070312,457400
2022-05-26,89.58999633789062,91.58999633789062,89.25,90.7699966430664,90.7699966430664,492500
2022-05-27,91.54000091552734,93.69000244140625,91.37000274658203,93.44000244140625,93.44000244140625,414100
2022-05-31,93.13999938964844,93.83999633789062,91.66000366210938,93.4000015258789,93.4000015258789,492000
2022-06-01,93.80999755859375,95.33000183105469,92.29000091552734,94.95999908447266,94.95999908447266,517500
2022-06-02,95.05000305175781,96.16999816894531,93.66999816894531,95.86000061035156,95.86000061035156,238900
2022-06-03,94.79000091552734,96.7300033569336,94.54000091552734,96.4800033569336,96.4800033569336,191800
2022-06-06,97.80000305175781,97.80000305175781,96.20999908447266,96.30000305175781,96.30000305175781,275500
2022-06-07,95.7300033569336,99.94999694824219,95.45999908447266,99.93000030517578,99.93000030517578,387700
2022-06-08,99.19999694824219,100.1500015258789,96.43000030517578,96.7699966430664,96.7699966430664,317900
2022-06-09,96.7699966430664,96.77999877929688,94.16999816894531,94.22000122070312,94.22000122070312,198100
2022-06-10,92.69999694824219,93.12000274658203,90.31999969482422,90.88999938964844,90.88999938964844,242600
2022-06-13,88.70999908447266,89.13999938964844,87.37000274658203,87.95999908447266,87.95999908447266,425100
2022-06-14,88.1500015258789,88.63999938964844,86.58999633789062,87.4000015258789,87.4000015258789,283600
2022-06-15,88.08999633789062,88.55999755859375,85.38999938964844,86.75,86.75,320400
2022-06-16,84.98999786376953,85.11000061035156,81.55999755859375,82.86000061035156,82.86000061035156,460100
2022-06-17,82.5999984741211,84.19999694824219,81.94000244140625,83.04000091552734,83.04000091552734,445800
2022-06-21,83.5999984741211,85.02999877929688,82.6500015258789,84.08999633789062,84.08999633789062,388500
2022-06-22,82.9800033569336,84.55000305175781,82.12999725341797,83.55000305175781,83.55000305175781,220100
2022-06-23,83.55999755859375,83.83999633789062,82.61000061035156,83.41000366210938,83.41000366210938,173000
2022-06-24,84.26000213623047,87.08000183105469,84.25,86.91999816894531,86.91999816894531,570000
2022-06-27,87.1500015258789,87.55000305175781,86.5,87.0,87.0,248000
2022-06-28,87.4800033569336,88.8499984741211,87.29000091552734,87.80000305175781,87.80000305175781,284300
2022-06-29,88.29000091552734,88.47000122070312,85.97000122070312,87.58000183105469,87.58000183105469,173500
2022-06-30,86.18000030517578,88.11000061035156,85.72000122070312,87.66999816894531,87.66999816894531,248600
2022-07-01,87.83000183105469,90.37000274658203,87.55999755859375,90.31999969482422,90.31999969482422,238100
2022-07-05,88.73999786376953,88.73999786376953,85.94999694824219,87.06999969482422,87.06999969482422,367600
2022-07-06,87.16999816894531,88.48999786376953,86.16999816894531,86.43000030517578,86.43000030517578,351600
2022-07-07,86.94999694824219,88.51000213623047,86.94999694824219,87.51000213623047,87.51000213623047,293800
2022-07-08,87.5,89.0,87.25,88.30999755859375,88.30999755859375,225600
2022-07-11,87.0199966430664,88.44999694824219,86.91999816894531,87.30000305175781,87.30000305175781,135800
2022-07-12,86.7300033569336,87.61000061035156,85.2300033569336,85.45999908447266,85.45999908447266,257000
2022-07-13,84.87999725341797,86.2300033569336,84.51000213623047,85.61000061035156,85.61000061035156,170700
2022-07-14,84.55000305175781,85.79000091552734,83.55999755859375,85.52999877929688,85.52999877929688,182600
2022-07-15,86.5199966430664,87.06999969482422,85.45999908447266,86.76000213623047,86.76000213623047,188000
2022-07-18,87.87000274658203,88.4800033569336,86.02999877929688,86.43000030517578,86.43000030517578,186800
2022-07-19,87.2300033569336,90.33000183105469,87.02999877929688,90.06999969482422,90.06999969482422,176800
2022-07-20,90.1500015258789,91.8499984741211,89.36000061035156,91.63999938964844,91.63999938964844,216000
2022-07-21,91.44999694824219,92.3499984741211,91.04000091552734,92.2699966430664,92.2699966430664,173600
2022-07-22,92.16000366210938,93.25,90.9800033569336,91.54000091552734,91.54000091552734,168700
2022-07-25,91.73999786376953,92.5199966430664,91.04000091552734,92.23999786376953,92.23999786376953,211800
2022-07-26,91.66999816894531,92.22000122070312,90.80000305175781,91.9000015258789,91.9000015258789,243700
2022-07-27,92.38999938964844,94.30999755859375,91.52999877929688,93.79000091552734,93.79000091552734,179300
2022-07-28,94.19999694824219,96.77999877929688,94.02999877929688,96.43000030517578,96.43000030517578,197600
2022-07-29,96.80000305175781,98.37000274658203,96.37999725341797,97.58999633789062,97.58999633789062,326800
2022-08-01,96.7699966430664,98.37999725341797,95.48999786376953,97.73999786376953,97.73999786376953,273100
2022-08-02,97.72000122070312,99.13999938964844,96.9000015258789,98.2300033569336,98.2300033569336,547600
2022-08-03,106.41000366210938,110.63999938964844,105.62999725341797,108.1500015258789,108.1500015258789,821300
2022-08-04,109.94999694824219,112.3499984741211,106.4800033569336,106.91999816894531,106.91999816894531,836200
2022-08-05,106.11000061035156,110.0999984741211,106.05000305175781,110.08999633789062,110.08999633789062,474800
2022-08-08,111.0,113.19000244140625,111.0,111.73999786376953,111.73999786376953,451800
2022-08-09,111.95999908447266,112.08000183105469,108.91000366210938,109.69000244140625,109.69000244140625,327600
2022-08-10,111.0999984741211,113.0999984741211,110.81999969482422,112.6500015258789,112.6500015258789,439900
2022-08-11,114.20999908447266,115.87000274658203,113.19999694824219,114.9800033569336,114.9800033569336,435100
2022-08-12,116.2300033569336,118.91999816894531,114.80999755859375,118.79000091552734,118.79000091552734,684400
2022-08-15,118.11000061035156,118.33000183105469,115.87000274658203,116.33000183105469,116.33000183105469,337100
2022-08-16,115.0199966430664,118.16000366210938,115.0199966430664,118.12999725341797,118.12999725341797,275600
2022-08-17,116.68000030517578,118.0,116.68000030517578,117.4800033569336,117.4800033569336,225100
2022-08-18,117.37000274658203,118.38999938964844,116.80000305175781,118.22000122070312,118.22000122070312,230300
2022-08-19,117.55000305175781,117.63999938964844,116.16000366210938,117.04000091552734,117.04000091552734,193000
2022-08-22,114.97000122070312,116.1500015258789,114.23999786376953,115.01000213623047,115.01000213623047,250500
2022-08-23,115.2300033569336,117.9000015258789,114.5,117.31999969482422,117.31999969482422,380500
2022-08-24,117.69999694824219,122.81999969482422,117.37999725341797,122.27999877929688,122.27999877929688,643100
2022-08-25,122.80000305175781,124.33000183105469,121.5999984741211,122.33999633789062,122.33999633789062,361100
2022-08-26,122.36000061035156,122.56999969482422,118.76000213623047,118.94999694824219,118.94999694824219,294000
2022-08-29,117.77999877929688,120.33000183105469,117.27999877929688,119.02999877929688,119.02999877929688,234200
2022-08-30,119.44999694824219,119.66999816894531,116.41000366210938,117.7300033569336,117.7300033569336,198300
2022-08-31,117.69999694824219,118.88999938964844,117.19000244140625,117.41999816894531,117.41999816894531,283200
2022-09-01,116.5199966430664,118.12000274658203,115.1500015258789,116.51000213623047,116.51000213623047,380300
2022-09-02,118.7699966430664,120.13999938964844,116.18000030517578,116.77999877929688,116.77999877929688,282800
2022-09-06,116.75,117.56999969482422,115.26000213623047,116.31999969482422,116.31999969482422,264600
2022-09-07,115.83999633789062,120.06999969482422,115.52999877929688,119.62000274658203,119.62000274658203,489500
2022-09-08,118.9800033569336,122.30999755859375,118.76000213623047,121.81999969482422,121.81999969482422,503800
2022-09-09,122.45999908447266,123.33999633789062,121.66000366210938,122.41000366210938,122.41000366210938,379900
2022-09-12,123.44000244140625,124.48999786376953,123.1500015258789,123.66000366210938,123.66000366210938,445600
2022-09-13,120.9800033569336,122.4000015258789,119.77999877929688,119.77999877929688,119.77999877929688,433400
2022-09-14,120.08000183105469,122.06999969482422,119.54000091552734,120.56999969482422,120.56999969482422,588200
2022-09-15,120.12000274658203,121.55999755859375,119.52999877929688,120.30999755859375,120.30999755859375,467100
2022-09-16,118.66999816894531,118.66999816894531,114.41000366210938,115.98999786376953,115.98999786376953,839500
2022-09-19,114.3499984741211,118.12000274658203,114.20999908447266,118.08999633789062,118.08999633789062,328600
2022-09-20,117.58999633789062,117.91999816894531,115.56999969482422,116.55000305175781,116.55000305175781,343200
2022-09-21,117.38999938964844,118.77999877929688,115.58000183105469,115.69999694824219,115.69999694824219,349000
2022-09-22,115.61000061035156,116.08000183105469,110.69000244140625,112.45999908447266,112.45999908447266,523300
2022-09-23,110.56999969482422,111.16000366210938,108.0999984741211,109.62000274658203,109.62000274658203,656500
2022-09-26,109.08000183105469,109.80999755859375,106.91999816894531,107.6500015258789,107.6500015258789,404900
2022-09-27,108.83999633789062,110.0199966430664,106.70999908447266,107.80000305175781,107.80000305175781,377600
2022-09-28,108.4800033569336,112.69000244140625,107.77999877929688,111.8499984741211,111.8499984741211,370300
2022-09-29,110.5,110.55999755859375,108.30999755859375,109.3499984741211,109.3499984741211,458900
2022-09-30,109.48999786376953,112.22000122070312,109.1500015258789,109.9800033569336,109.9800033569336,415500
2022-10-03,111.44999694824219,115.2300033569336,111.0199966430664,115.02999877929688,115.02999877929688,689200
2022-10-04,117.02999877929688,119.18000030517578,117.0199966430664,117.0999984741211,117.0999984741211,368100
2022-10-05,115.63999938964844,119.44000244140625,114.81999969482422,119.12999725341797,119.12999725341797,662800
2022-10-06,118.51000213623047,119.41999816894531,116.48999786376953,118.41000366210938,118.41000366210938,422100
2022-10-07,117.48999786376953,117.5999984741211,115.0,115.94000244140625,115.94000244140625,381100
2022-10-10,116.26000213623047,116.47000122070312,113.70999908447266,114.7699966430664,114.7699966430664,436300
2022-10-11,114.01000213623047,115.7699966430664,112.9000015258789,114.1500015258789,114.1500015258789,378500
2022-10-12,114.55999755859375,114.55999755859375,111.9800033569336,112.45999908447266,112.45999908447266,226900
2022-10-13,110.2699966430664,116.55000305175781,109.06999969482422,115.9800033569336,115.9800033569336,314600
2022-10-14,117.18000030517578,117.95999908447266,113.5999984741211,114.36000061035156,114.36000061035156,428600
2022-10-17,116.44999694824219,116.68000030517578,113.91999816894531,114.86000061035156,114.86000061035156,424300
2022-10-18,117.33000183105469,119.18000030517578,116.04000091552734,118.94999694824219,118.94999694824219,357200
2022-10-19,118.5199966430664,119.56999969482422,116.86000061035156,117.44999694824219,117.44999694824219,327900
2022-10-20,117.02999877929688,117.41000366210938,114.5999984741211,115.41999816894531,115.41999816894531,484100
2022-10-21,115.52999877929688,118.83000183105469,113.81999969482422,118.55000305175781,118.55000305175781,260200
2022-10-24,119.2699966430664,120.81999969482422,117.63999938964844,118.5,118.5,286500
2022-10-25,118.36000061035156,120.18000030517578,117.88999938964844,118.5999984741211,118.5999984741211,313700
2022-10-26,119.55000305175781,119.81999969482422,117.05000305175781,117.98999786376953,117.98999786376953,278600
2022-10-27,119.20999908447266,121.68000030517578,118.2300033569336,119.5,119.5,338000
2022-10-28,119.73999786376953,123.9800033569336,119.16000366210938,122.87999725341797,122.87999725341797,450200
2022-10-31,122.18000030517578,123.27999877929688,120.81999969482422,122.45999908447266,122.45999908447266,592500
2022-11-01,123.72000122070312,123.80000305175781,121.11000061035156,121.47000122070312,121.47000122070312,688200
2022-11-02,122.0,122.97000122070312,115.9000015258789,119.22000122070312,119.22000122070312,878500
2022-11-03,116.83999633789062,117.48999786376953,110.8499984741211,111.7300033569336,111.7300033569336,882500
2022-11-04,113.72000122070312,115.63999938964844,111.44000244140625,111.93000030517578,111.93000030517578,505300
2022-11-07,112.52999877929688,113.33000183105469,110.05999755859375,111.44000244140625,111.44000244140625,392800
2022-11-08,111.87999725341797,115.04000091552734,111.30000305175781,114.72000122070312,114.72000122070312,417700
2022-11-09,113.2699966430664,114.98999786376953,112.22000122070312,112.29000091552734,112.29000091552734,368100
2022-11-10,116.98999786376953,118.3499984741211,115.5,118.3499984741211,118.3499984741211,506900
2022-11-11,119.30999755859375,119.73999786376953,115.5199966430664,115.55999755859375,115.55999755859375,460500
2022-11-14,115.0199966430664,116.0199966430664,111.08999633789062,111.18000030517578,111.18000030517578,444300
2022-11-15,112.75,113.47000122070312,111.18000030517578,111.86000061035156,111.86000061035156,410000
2022-11-16,111.75,115.81999969482422,111.70999908447266,115.69999694824219,115.69999694824219,422300
2022-11-17,114.73999786376953,117.62999725341797,113.83000183105469,116.33000183105469,116.33000183105469,514700
2022-11-18,117.66000366210938,118.25,114.66000366210938,117.0,117.0,365700
2022-11-21,116.83000183105469,118.25,116.06999969482422,118.02999877929688,118.02999877929688,224500
2022-11-22,118.93000030517578,120.91999816894531,118.3499984741211,120.72000122070312,120.72000122070312,297700
2022-11-23,120.73999786376953,122.77999877929688,120.66000366210938,122.62000274658203,122.62000274658203,225400
2022-11-25,122.12999725341797,123.37000274658203,122.12999725341797,123.37000274658203,123.37000274658203,117900
2022-11-28,122.58000183105469,123.22000122070312,119.45999908447266,119.62999725341797,119.62999725341797,601700
2022-11-29,118.88999938964844,119.68000030517578,114.86000061035156,115.45999908447266,115.45999908447266,523600
2022-11-30,115.30999755859375,120.12000274658203,115.30999755859375,120.0,120.0,501700
2022-12-01,120.97000122070312,122.06999969482422,119.56999969482422,120.69999694824219,120.69999694824219,331000
2022-12-02,119.37000274658203,125.41000366210938,119.37000274658203,124.0199966430664,124.0199966430664,380500
2022-12-05,122.79000091552734,123.5,117.41000366210938,117.5999984741211,117.5999984741211,341400
2022-12-06,117.5999984741211,118.62000274658203,115.69999694824219,117.12999725341797,117.12999725341797,336100
2022-12-07,117.16999816894531,119.80999755859375,116.76000213623047,118.7699966430664,118.7699966430664,255000
2022-12-08,119.02999877929688,119.83999633789062,117.30999755859375,118.48999786376953,118.48999786376953,257000
2022-12-09,118.55999755859375,119.0999984741211,116.12000274658203,116.16000366210938,116.16000366210938,225800
2022-12-12,116.69999694824219,118.2300033569336,116.41000366210938,118.16000366210938,118.16000366210938,292100
2022-12-13,122.38999938964844,122.68000030517578,118.2300033569336,120.19999694824219,120.19999694824219,402200
2022-12-14,119.4000015258789,120.62000274658203,118.2699966430664,118.76000213623047,118.76000213623047,281700
2022-12-15,117.7699966430664,118.23999786376953,116.01000213623047,116.5,116.5,316700
2022-12-16,115.2699966430664,116.47000122070312,114.44999694824219,115.0,115.0,994000
2022-12-19,114.63999938964844,114.63999938964844,109.36000061035156,112.55000305175781,112.55000305175781,519400
2022-12-20,112.2300033569336,113.73999786376953,111.47000122070312,112.94999694824219,112.94999694824219,279700
2022-12-21,114.0999984741211,116.31999969482422,113.06999969482422,116.30999755859375,116.30999755859375,220900
2022-12-22,115.26000213623047,115.26000213623047,112.47000122070312,113.61000061035156,113.61000061035156,172000
2022-12-23,113.58000183105469,114.91000366210938,112.80000305175781,114.77999877929688,114.77999877929688,119900
2022-12-27,114.68000030517578,115.04000091552734,113.88999938964844,114.98999786376953,114.98999786376953,91100
2022-12-28,115.38999938964844,115.48999786376953,113.0,113.13999938964844,113.13999938964844,153500
2022-12-29,113.83000183105469,115.76000213623047,113.47000122070312,115.08999633789062,115.08999633789062,193700
2022-12-30,113.98999786376953,115.02999877929688,113.12999725341797,114.12000274658203,114.12000274658203,127100
2023-01-03,114.91999816894531,115.62999725341797,112.63999938964844,113.73999786376953,113.73999786376953,301100
2023-01-04,114.05999755859375,114.91999816894531,112.12999725341797,113.29000091552734,113.29000091552734,246700
2023-01-05,112.69000244140625,113.5,110.95999908447266,111.0199966430664,111.0199966430664,206600
2023-01-06,111.91999816894531,115.7699966430664,111.18000030517578,115.05000305175781,115.05000305175781,213800
2023-01-09,116.16999816894531,118.61000061035156,115.6500015258789,117.16000366210938,117.16000366210938,236700
2023-01-10,115.73999786376953,116.22000122070312,113.56999969482422,116.19999694824219,116.19999694824219,237000
2023-01-11,116.95999908447266,120.44000244140625,116.80000305175781,119.70999908447266,119.70999908447266,349400
2023-01-12,120.08999633789062,120.2300033569336,117.87000274658203,118.63999938964844,118.63999938964844,194200
2023-01-13,117.95999908447266,121.83000183105469,117.0,121.37999725341797,121.37999725341797,238000
2023-01-17,121.29000091552734,122.9800033569336,120.7300033569336,122.5,122.5,302600
2023-01-18,122.56999969482422,124.47000122070312,121.0,121.98999786376953,121.98999786376953,498700
2023-01-19,120.94999694824219,122.70999908447266,120.94999694824219,121.58000183105469,121.58000183105469,259800
2023-01-20,122.19000244140625,124.9000015258789,122.02999877929688,124.80999755859375,124.80999755859375,309000
2023-01-23,125.0,128.94000244140625,124.80000305175781,128.1999969482422,128.1999969482422,433500
2023-01-24,128.2899932861328,130.1300048828125,127.5199966430664,128.36000061035156,128.36000061035156,332000
2023-01-25,127.7300033569336,129.5,127.12000274658203,129.42999267578125,129.42999267578125,248200
2023-01-26,130.25,131.0800018310547,126.68000030517578,127.72000122070312,127.72000122070312,235600
2023-01-27,127.30000305175781,128.1199951171875,126.80999755859375,127.38999938964844,127.38999938964844,153100
2023-01-30,126.88999938964844,129.52999877929688,126.52999877929688,128.27000427246094,128.27000427246094,287600
2023-01-31,129.19000244140625,130.30999755859375,128.30999755859375,130.3000030517578,130.3000030517578,305900
2023-02-01,129.08999633789062,131.35000610351562,128.00999450683594,130.58999633789062,130.58999633789062,227200
2023-02-02,131.07000732421875,131.5800018310547,129.8300018310547,130.88999938964844,130.88999938964844,319000
2023-02-03,130.19000244140625,132.6300048828125,129.3000030517578,131.91000366210938,131.91000366210938,357700
2023-02-06,130.9499969482422,132.32000732421875,130.72000122070312,131.16000366210938,131.16000366210938,423400
2023-02-07,130.5800018310547,133.1999969482422,130.11000061035156,132.64999389648438,132.64999389648438,346200
2023-02-08,131.99000549316406,134.5,131.99000549316406,133.75,133.75,399700
2023-02-09,133.92999267578125,134.3300018310547,132.35000610351562,132.97999572753906,132.97999572753906,384900
2023-02-10,132.63999938964844,134.47000122070312,132.0500030517578,134.13999938964844,134.13999938964844,199400
2023-02-13,134.27000427246094,135.0,133.7899932861328,134.27000427246094,134.27000427246094,222700
2023-02-14,133.58999633789062,135.10000610351562,132.7100067138672,133.33999633789062,133.33999633789062,265600
2023-02-15,132.0500030517578,135.07000732421875,131.5399932861328,133.41000366210938,133.41000366210938,363400
2023-02-16,132.1999969482422,136.47999572753906,132.1999969482422,134.80999755859375,134.80999755859375,335100
2023-02-17,134.8699951171875,135.69000244140625,133.58999633789062,134.72999572753906,134.72999572753906,176400
2023-02-21,134.00999450683594,135.1699981689453,132.63999938964844,133.30999755859375,133.30999755859375,190800
2023-02-22,133.4499969482422,136.74000549316406,133.2899932861328,134.67999267578125,134.67999267578125,469300
2023-02-23,135.02000427246094,135.6300048828125,131.42999267578125,133.47999572753906,133.47999572753906,522200
2023-02-24,132.58999633789062,133.17999267578125,130.92999267578125,132.1699981689453,132.1699981689453,748900
2023-02-27,133.0,134.50999450683594,131.8000030517578,133.08999633789062,133.08999633789062,469700
2023-02-28,132.94000244140625,133.57000732421875,131.0500030517578,132.07000732421875,132.07000732421875,518300
2023-03-01,129.8699951171875,133.8300018310547,125.56999969482422,133.30999755859375,133.30999755859375,527500
2023-03-02,135.25,137.27999877929688,133.39999389648438,136.30999755859375,136.30999755859375,565700
2023-03-03,135.75,136.80999755859375,134.39999389648438,136.47000122070312,136.47000122070312,379500
2023-03-06,136.3300018310547,136.99000549316406,134.9600067138672,135.02000427246094,135.02000427246094,462100
2023-03-07,135.39999389648438,136.14999389648438,133.91000366210938,136.02999877929688,136.02999877929688,473200
2023-03-08,136.32000732421875,138.99000549316406,136.32000732421875,138.22999572753906,138.22999572753906,689300
2023-03-09,138.6999969482422,140.69000244140625,137.2899932861328,137.58999633789062,137.58999633789062,441100
2023-03-10,137.3699951171875,137.57000732421875,133.97999572753906,134.49000549316406,134.49000549316406,925700
2023-03-13,133.05999755859375,134.25,130.07000732421875,130.16000366210938,130.16000366210938,632800
2023-03-14,132.0,137.00999450683594,131.42999267578125,136.39999389648438,136.39999389648438,644900
2023-03-15,134.5500030517578,135.02000427246094,131.0800018310547,133.07000732421875,133.07000732421875,823700
2023-03-16,132.22000122070312,136.44000244140625,131.63999938964844,135.97999572753906,135.97999572753906,392600
2023-03-17,136.10000610351562,136.57000732421875,133.4499969482422,134.32000732421875,134.32000732421875,745200
2023-03-20,134.72999572753906,136.58999633789062,134.3800048828125,135.02000427246094,135.02000427246094,313600
2023-03-21,136.8300018310547,139.4499969482422,136.05999755859375,137.88999938964844,137.88999938964844,400700
2023-03-22,137.36000061035156,137.99000549316406,133.41000366210938,133.6300048828125,133.6300048828125,477500
2023-03-23,133.4600067138672,136.0,131.88999938964844,132.72000122070312,132.72000122070312,298400
2023-03-24,131.99000549316406,131.99000549316406,129.92999267578125,131.11000061035156,131.11000061035156,436200
2023-03-27,132.27000427246094,134.44000244140625,132.00999450683594,132.27999877929688,132.27999877929688,342300
2023-03-28,131.8699951171875,133.6699981689453,131.8699951171875,133.0,133.0,326100
2023-03-29,134.13999938964844,135.97999572753906,133.52000427246094,135.14999389648438,135.14999389648438,418600
2023-03-30,136.1999969482422,139.86000061035156,135.19000244140625,138.75999450683594,138.75999450683594,500900
2023-03-31,139.99000549316406,144.1999969482422,138.49000549316406,142.55999755859375,142.55999755859375,671800
2023-04-03,141.8000030517578,143.7899932861328,139.8699951171875,140.9199981689453,140.9199981689453,468400
2023-04-04,141.47000122070312,141.47000122070312,135.6999969482422,136.25,136.25,277600
2023-04-05,135.88999938964844,136.19000244140625,132.9600067138672,134.07000732421875,134.07000732421875,374200
2023-04-06,134.9600067138672,135.7100067138672,133.27000427246094,133.94000244140625,133.94000244140625,420200
2023-04-10,133.38999938964844,137.13999938964844,133.38999938964844,137.0500030517578,137.0500030517578,263300
2023-04-11,137.25,139.2899932861328,136.50999450683594,138.39999389648438,138.39999389648438,463900
2023-04-12,139.1699981689453,141.58999633789062,139.1699981689453,140.88999938964844,140.88999938964844,280600
2023-04-13,141.8300018310547,143.7899932861328,141.4600067138672,143.6300048828125,143.6300048828125,288800
2023-04-14,143.47999572753906,144.7899932861328,142.75999450683594,143.5399932861328,143.5399932861328,309400
2023-04-17,143.5399932861328,145.0399932861328,142.35000610351562,143.30999755859375,143.30999755859375,248800
2023-04-18,145.52999877929688,146.0500030517578,143.13999938964844,143.1999969482422,143.1999969482422,295900
2023-04-19,142.9600067138672,145.5500030517578,142.44000244140625,144.27000427246094,144.27000427246094,385600
2023-04-20,143.67999267578125,146.02999877929688,142.7899932861328,144.05999755859375,144.05999755859375,325400
2023-04-21,143.9600067138672,145.67999267578125,143.24000549316406,143.9199981689453,143.9199981689453,344000
2023-04-24,143.82000732421875,145.7100067138672,143.82000732421875,144.27000427246094,144.27000427246094,250100
2023-04-25,144.17999267578125,144.17999267578125,141.80999755859375,142.22000122070312,142.22000122070312,177000
2023-04-26,141.72000122070312,142.6199951171875,140.67999267578125,142.3000030517578,142.3000030517578,413600
2023-04-27,142.64999389648438,144.50999450683594,141.3000030517578,144.25999450683594,144.25999450683594,382800
2023-04-28,143.6300048828125,145.75999450683594,143.6300048828125,145.16000366210938,145.16000366210938,204400
2023-05-01,145.16000366210938,147.75999450683594,145.16000366210938,146.14999389648438,146.14999389648438,272300
2023-05-02,145.6199951171875,146.44000244140625,144.00999450683594,146.05999755859375,146.05999755859375,327100
2023-05-03,144.3300018310547,144.69000244140625,129.6999969482422,137.50999450683594,137.50999450683594,1519800
2023-05-04,137.38999938964844,138.35000610351562,135.8800048828125,136.5399932861328,136.5399932861328,473900
2023-05-05,136.8699951171875,138.1300048828125,135.2899932861328,135.6999969482422,135.6999969482422,481300
2023-05-08,136.5399932861328,137.16000366210938,134.38999938964844,136.77000427246094,136.77000427246094,381200
2023-05-09,136.6699981689453,139.49000549316406,136.13999938964844,139.0399932861328,139.0399932861328,346700
2023-05-10,140.55999755859375,141.52000427246094,137.9199981689453,139.1999969482422,139.1999969482422,280600
2023-05-11,138.77999877929688,140.22000122070312,137.08999633789062,139.9600067138672,139.9600067138672,289500
2023-05-12,140.0500030517578,140.72999572753906,137.52999877929688,138.50999450683594,138.50999450683594,208900
2023-05-15,138.60000610351562,140.38999938964844,137.99000549316406,139.52999877929688,139.52999877929688,250100
2023-05-16,138.80999755859375,141.14999389648438,137.07000732421875,140.60000610351562,140.60000610351562,449100
2023-05-17,141.75,142.17999267578125,140.60000610351562,141.5,141.5,241300
2023-05-18,140.6199951171875,141.22000122070312,138.5500030517578,140.0800018310547,140.0800018310547,192200
2023-05-19,141.1300048828125,141.3300018310547,138.35000610351562,138.64999389648438,138.64999389648438,184100
2023-05-22,139.32000732421875,146.14999389648438,138.7899932861328,145.6199951171875,145.6199951171875,466200
2023-05-23,144.5399932861328,144.5399932861328,141.4499969482422,143.80999755859375,143.80999755859375,400200
2023-05-24,143.55999755859375,145.47000122070312,142.57000732421875,144.60000610351562,144.60000610351562,310000
2023-05-25,145.0,145.47000122070312,142.61000061035156,143.77999877929688,143.77999877929688,368000
2023-05-26,143.99000549316406,145.38999938964844,143.6699981689453,145.0800018310547,145.0800018310547,501500
2023-05-30,145.27999877929688,145.9499969482422,142.17999267578125,144.1699981689453,144.1699981689453,386400
2023-05-31,143.7899932861328,144.63999938964844,139.13999938964844,140.39999389648438,140.39999389648438,648700
2023-06-01,141.10000610351562,143.5500030517578,140.69000244140625,143.49000549316406,143.49000549316406,307300
2023-06-02,144.2100067138672,151.3000030517578,144.2100067138672,150.91000366210938,150.91000366210938,502400
2023-06-05,149.55999755859375,150.5,146.16000366210938,149.05999755859375,149.05999755859375,267300
2023-06-06,149.2899932861328,153.8699951171875,149.05999755859375,153.27999877929688,153.27999877929688,542300
2023-06-07,153.8300018310547,156.47000122070312,153.4499969482422,156.0800018310547,156.0800018310547,421600
2023-06-08,155.42999267578125,158.72000122070312,154.82000732421875,157.36000061035156,157.36000061035156,417700
2023-06-09,157.0,157.38999938964844,153.3800048828125,156.3800048828125,156.3800048828125,448200
2023-06-12,156.11000061035156,158.38999938964844,154.97000122070312,157.6199951171875,157.6199951171875,287000
2023-06-13,157.67999267578125,158.32000732421875,155.0500030517578,155.36000061035156,155.36000061035156,343800
2023-06-14,154.97999572753906,157.25999450683594,153.27000427246094,153.97000122070312,153.97000122070312,644300
2023-06-15,153.8300018310547,156.4199981689453,152.9199981689453,156.02000427246094,156.02000427246094,322000
2023-06-16,156.8300018310547,157.02999877929688,155.1199951171875,156.6699981689453,156.6699981689453,576700
2023-06-20,155.80999755859375,159.19000244140625,154.7899932861328,158.19000244140625,158.19000244140625,417500
2023-06-21,157.75999450683594,160.5,156.2899932861328,159.5399932861328,159.5399932861328,341600
2023-06-22,158.6300048828125,158.97999572753906,153.1999969482422,154.25999450683594,154.25999450683594,530200
2023-06-23,153.77999877929688,156.64999389648438,152.13999938964844,155.4199981689453,155.4199981689453,628900
2023-06-26,155.0800018310547,156.8300018310547,153.80999755859375,156.11000061035156,156.11000061035156,305500
2023-06-27,156.64999389648438,159.55999755859375,156.42999267578125,158.1699981689453,158.1699981689453,239900
2023-06-28,157.8699951171875,160.1999969482422,157.52000427246094,160.02000427246094,160.02000427246094,383700
2023-06-29,160.0399932861328,162.88999938964844,159.69000244140625,162.0399932861328,162.0399932861328,387100
2023-06-30,163.61000061035156,164.8000030517578,162.82000732421875,164.42999267578125,164.42999267578125,359600
2023-07-03,163.49000549316406,164.57000732421875,162.6999969482422,163.1699981689453,163.1699981689453,223100
2023-07-05,162.25999450683594,165.8800048828125,160.3699951171875,165.02000427246094,165.02000427246094,404300
2023-07-06,163.82000732421875,165.5500030517578,162.36000061035156,164.1999969482422,164.1999969482422,321000
2023-07-07,163.47000122070312,168.8699951171875,163.47000122070312,167.67999267578125,167.67999267578125,490800
2023-07-10,167.30999755859375,172.0800018310547,165.8699951171875,171.8699951171875,171.8699951171875,410400
2023-07-11,172.02000427246094,172.5399932861328,166.6999969482422,168.0800018310547,168.0800018310547,670600
2023-07-12,169.55999755859375,170.74000549316406,166.07000732421875,166.1300048828125,166.1300048828125,451400
2023-07-13,166.36000061035156,167.27000427246094,164.6300048828125,165.3800048828125,165.3800048828125,289500
2023-07-14,165.6699981689453,165.6699981689453,163.08999633789062,165.27000427246094,165.27000427246094,228800
2023-07-17,165.6300048828125,167.75,165.0,167.22000122070312,167.22000122070312,173200
2023-07-18,166.5500030517578,167.57000732421875,164.8800048828125,165.55999755859375,165.55999755859375,209000
2023-07-19,166.47000122070312,166.5,163.32000732421875,165.5399932861328,165.5399932861328,371000
2023-07-20,165.27999877929688,170.72999572753906,165.19000244140625,170.0800018310547,170.0800018310547,506100
2023-07-21,171.0399932861328,171.0399932861328,168.9499969482422,169.13999938964844,169.13999938964844,503100
2023-07-24,169.13999938964844,170.25999450683594,168.86000061035156,169.32000732421875,169.32000732421875,310400
2023-07-25,169.11000061035156,170.86000061035156,167.97000122070312,170.0,170.0,243200
2023-07-26,169.0,170.0800018310547,167.27999877929688,167.47999572753906,167.47999572753906,307300
2023-07-27,168.02999877929688,168.10000610351562,164.64999389648438,165.49000549316406,165.49000549316406,324200
2023-07-28,166.58999633789062,167.0399932861328,164.38999938964844,165.19000244140625,165.19000244140625,304400
